INFO  21:41:35 Did not find Netty's native epoll transport in the classpath, defaulting to NIO.
INFO  21:41:35 Using data-center name 'datacenter1' for DCAwareRoundRobinPolicy (if this is incorrect, please provide the correct datacenter name with DCAwareRoundRobinPolicy constructor)
INFO  21:41:35 New Cassandra host /192.168.2.56:9042 added
INFO  21:41:35 New Cassandra host /192.168.2.54:9042 added
INFO  21:41:35 New Cassandra host /192.168.2.55:9042 added
Connected to cluster: MalungoCluster
Datatacenter: datacenter1; Host: /192.168.2.56; Rack: rack1
Datatacenter: datacenter1; Host: /192.168.2.54; Rack: rack1
Datatacenter: datacenter1; Host: /192.168.2.55; Rack: rack1
Created schema. Sleeping 3s for propagation.
Sleeping 2s...
Warming up insert with 150000 iterations...
Generating batches with [1..1] partitions and [1..1] rows (of [1000..1000] total rows in the partitions)
WARNING: uncertainty mode (err<) results in uneven workload between thread runs, so should be used for high level analysis only
Running with 4 threadCount
Running [insert] with 4 threads until stderr of mean < 0.02
type,      total ops,    op/s,    pk/s,   row/s,    mean,     med,     .95,     .99,    .999,     max,   time,   stderr, errors,  gc: #,  max ms,  sum ms,  sdv ms,      mb
total,          1548,    1548,    1548,    2153,     2.3,     1.5,     3.3,    23.7,    75.8,    75.9,    1.0,  0.00000,      0,      0,       0,       0,       0,       0
total,          3486,    2100,    2100,    2881,     1.7,     1.5,     2.9,     4.8,     9.4,    11.6,    1.9,  0.07797,      0,      0,       0,       0,       0,       0
total,          5599,    1837,    1837,    2494,     1.9,     1.4,     2.8,     4.1,   148.0,   148.3,    3.1,  0.05374,      0,      0,       0,       0,       0,       0
total,          7849,    2237,    2237,    3031,     1.6,     1.4,     2.7,     3.4,     5.4,     8.1,    4.1,  0.05412,      0,      0,       0,       0,       0,       0
total,          9910,    2051,    2051,    2770,     1.8,     1.5,     2.8,     6.3,    44.2,    45.6,    5.1,  0.04490,      0,      0,       0,       0,       0,       0
total,         11847,    1931,    1931,    2632,     1.9,     1.5,     2.9,     5.5,    49.7,    50.7,    6.1,  0.03739,      0,      0,       0,       0,       0,       0
total,         13982,    2128,    2128,    2928,     1.7,     1.5,     2.9,     4.2,    10.1,    11.8,    7.1,  0.03314,      0,      0,       0,       0,       0,       0
total,         16060,    2068,    2068,    2764,     1.7,     1.5,     2.8,     3.9,    42.3,    43.8,    8.1,  0.02899,      0,      0,       0,       0,       0,       0
total,         18212,    2141,    2141,    2946,     1.7,     1.5,     2.8,     4.1,    12.3,    18.1,    9.1,  0.02654,      0,      0,       0,       0,       0,       0
total,         20410,    2188,    2188,    3031,     1.6,     1.5,     2.7,     3.5,     9.6,    10.2,   10.1,  0.02516,      0,      0,       0,       0,       0,       0
total,         22574,    2155,    2155,    2929,     1.7,     1.5,     2.7,     3.5,    35.9,    40.1,   11.1,  0.02359,      0,      0,       0,       0,       0,       0
total,         24726,    2143,    2143,    2914,     1.7,     1.5,     2.6,     3.6,    42.8,    48.9,   12.1,  0.02233,      0,      0,       0,       0,       0,       0
total,         26886,    2152,    2152,    2971,     1.7,     1.5,     2.7,     4.2,    10.9,    12.3,   13.1,  0.02082,      0,      0,       0,       0,       0,       0
total,         28825,    1930,    1930,    2676,     1.9,     1.5,     2.8,     4.9,    81.4,    82.0,   14.1,  0.01934,      0,      0,       0,       0,       0,       0
total,         30903,    2067,    2067,    2855,     1.7,     1.5,     2.7,     3.3,    69.7,    72.6,   15.1,  0.01857,      0,      0,       0,       0,       0,       0
total,         33116,    2204,    2204,    3033,     1.6,     1.5,     2.6,     3.4,     9.6,    11.4,   16.1,  0.01781,      0,      0,       0,       0,       0,       0
total,         35372,    2244,    2244,    3070,     1.6,     1.4,     2.6,     3.2,     9.8,    10.8,   17.1,  0.01711,      0,      0,       0,       0,       0,       0
total,         37378,    2078,    2078,    2848,     1.7,     1.4,     2.7,     3.5,    37.7,    42.7,   18.1,  0.01619,      0,      0,       0,       0,       0,       0
total,         39593,    2068,    2068,    2806,     1.7,     1.5,     2.6,     3.9,    67.8,    73.2,   19.2,  0.01542,      0,      0,       0,       0,       0,       0
total,         41819,    2213,    2213,    3016,     1.6,     1.4,     2.6,     3.3,    14.4,    15.1,   20.2,  0.01476,      0,      0,       0,       0,       0,       0
total,         44064,    2234,    2234,    3015,     1.6,     1.5,     2.6,     3.3,     4.9,    10.0,   21.2,  0.01415,      0,      0,       0,       0,       0,       0
total,         46285,    2208,    2208,    3049,     1.6,     1.5,     2.6,     3.2,    12.8,    13.8,   22.2,  0.01365,      0,      0,       0,       0,       0,       0
total,         48491,    2194,    2194,    3018,     1.6,     1.4,     2.6,     3.5,    12.7,    14.6,   23.2,  0.01313,      0,      0,       0,       0,       0,       0
total,         50680,    2175,    2175,    2959,     1.6,     1.5,     2.6,     3.5,    14.6,    15.7,   24.2,  0.01259,      0,      0,       0,       0,       0,       0
total,         52393,    1704,    1704,    2332,     2.2,     1.5,     2.8,     3.4,   233.1,   235.1,   25.2,  0.01209,      0,      0,       0,       0,       0,       0
total,         54420,    2015,    2015,    2741,     1.8,     1.4,     2.7,     3.6,    75.6,    78.3,   26.2,  0.01162,      0,      0,       0,       0,       0,       0
total,         56545,    2116,    2116,    2856,     1.7,     1.4,     2.5,     3.2,    77.0,    80.6,   27.2,  0.01123,      0,      0,       0,       0,       0,       0
total,         58730,    2170,    2170,    3002,     1.7,     1.5,     2.6,     3.2,    21.8,    24.0,   28.2,  0.01094,      0,      0,       0,       0,       0,       0
total,         60310,    1571,    1571,    2185,     2.4,     1.5,     2.8,     3.7,   270.5,   272.2,   29.2,  0.01056,      0,      0,       0,       0,       0,       0
total,         62501,    2178,    2178,    2952,     1.6,     1.5,     2.7,     3.4,     5.7,    16.7,   30.2,  0.01021,      0,      0,       0,       0,       0,       0
total,         62516,    1767,    1767,    2239,     2.0,     2.0,     3.0,     3.0,     3.0,     3.0,   30.2,  0.01249,      0,      0,       0,       0,       0,       0


Results:
op rate                   : 2067 [insert:2067]
partition rate            : 2067 [insert:2067]
row rate                  : 2827 [insert:2827]
latency mean              : 1.7 [insert:1.7]
latency median            : 1.5 [insert:1.5]
latency 95th percentile   : 2.7 [insert:2.7]
latency 99th percentile   : 3.6 [insert:3.6]
latency 99.9th percentile : 38.2 [insert:38.2]
latency max               : 272.2 [insert:272.2]
Total partitions          : 62516 [insert:62516]
Total errors              : 0 [insert:0]
total gc count            : 0
total gc mb               : 0
total gc time (s)         : 0
avg gc time(ms)           : NaN
stdev gc time(ms)         : 0
Total operation time      : 00:00:30
Sleeping for 15s
Running with 8 threadCount
Running [insert] with 8 threads until stderr of mean < 0.02
type,      total ops,    op/s,    pk/s,   row/s,    mean,     med,     .95,     .99,    .999,     max,   time,   stderr, errors,  gc: #,  max ms,  sum ms,  sdv ms,      mb
total,          2825,    2825,    2825,    3775,     2.6,     2.4,     3.8,     4.8,    30.0,    30.7,    1.0,  0.00000,      0,      0,       0,       0,       0,       0
total,          5500,    2662,    2662,    3601,     2.8,     2.5,     3.8,     5.5,    58.0,    59.5,    2.0,  0.01094,      0,      0,       0,       0,       0,       0
total,          8314,    2803,    2803,    3860,     2.7,     2.5,     3.8,     4.7,    25.6,    25.8,    3.0,  0.00765,      0,      0,       0,       0,       0,       0
total,         10864,    2535,    2535,    3546,     2.9,     2.6,     4.0,     5.0,    82.3,    83.2,    4.0,  0.00573,      0,      0,       0,       0,       0,       0
total,         13698,    2818,    2818,    3822,     2.6,     2.5,     4.0,     5.0,    26.4,    27.3,    5.0,  0.00466,      0,      0,       0,       0,       0,       0
total,         16561,    2849,    2849,    3827,     2.6,     2.5,     3.7,     4.5,    22.6,    24.0,    6.0,  0.00390,      0,      0,       0,       0,       0,       0
total,         19411,    2836,    2836,    3868,     2.6,     2.5,     3.8,     4.9,    21.3,    22.0,    7.0,  0.00505,      0,      0,       0,       0,       0,       0
total,         21792,    2369,    2369,    3203,     3.2,     2.5,     4.0,     6.2,   100.1,   103.1,    8.0,  0.01095,      0,      0,       0,       0,       0,       0
total,         24546,    2737,    2737,    3709,     2.7,     2.4,     3.9,     7.2,    50.7,    52.5,    9.0,  0.00979,      0,      0,       0,       0,       0,       0
total,         27038,    2478,    2478,    3398,     3.0,     2.5,     3.9,     5.0,   138.9,   139.8,   10.0,  0.00928,      0,      0,       0,       0,       0,       0
total,         29869,    2813,    2813,    3883,     2.6,     2.5,     4.0,     4.7,     8.7,     9.6,   11.1,  0.00852,      0,      0,       0,       0,       0,       0
total,         32703,    2815,    2815,    3915,     2.7,     2.5,     3.9,     5.0,     9.4,    10.2,   12.1,  0.00799,      0,      0,       0,       0,       0,       0
total,         35596,    2877,    2877,    3938,     2.6,     2.5,     3.9,     4.7,     9.6,    10.1,   13.1,  0.00776,      0,      0,       0,       0,       0,       0
total,         38474,    2864,    2864,    3924,     2.6,     2.5,     3.8,     4.6,     9.6,    10.8,   14.1,  0.00745,      0,      0,       0,       0,       0,       0
total,         41127,    2631,    2631,    3607,     2.8,     2.5,     3.8,     4.8,    87.4,    91.2,   15.1,  0.00700,      0,      0,       0,       0,       0,       0
total,         43763,    2620,    2620,    3575,     2.9,     2.5,     3.9,     5.1,    84.0,    84.6,   16.1,  0.00656,      0,      0,       0,       0,       0,       0
total,         46627,    2846,    2846,    3906,     2.6,     2.5,     3.9,     4.9,     8.7,     9.9,   17.1,  0.00627,      0,      0,       0,       0,       0,       0
total,         49515,    2865,    2865,    3899,     2.6,     2.5,     3.8,     4.6,    11.4,    14.1,   18.1,  0.00599,      0,      0,       0,       0,       0,       0
total,         52147,    2612,    2612,    3530,     2.9,     2.5,     3.8,     4.7,   108.6,   111.9,   19.1,  0.00568,      0,      0,       0,       0,       0,       0
total,         55041,    2874,    2874,    3931,     2.6,     2.5,     3.9,     4.8,     9.2,     9.6,   20.1,  0.00545,      0,      0,       0,       0,       0,       0
total,         57899,    2837,    2837,    3904,     2.6,     2.5,     3.8,     4.6,    10.0,    10.5,   21.1,  0.00520,      0,      0,       0,       0,       0,       0
total,         59828,    1916,    1916,    2649,     4.0,     2.5,     4.0,    10.1,   251.3,   253.2,   22.1,  0.00708,      0,      0,       0,       0,       0,       0
total,         62437,    2589,    2589,    3566,     2.9,     2.5,     4.0,     6.3,    81.9,    85.2,   23.1,  0.00678,      0,      0,       0,       0,       0,       0
total,         65207,    2747,    2747,    3673,     2.7,     2.4,     3.8,     4.8,    62.1,    64.2,   24.1,  0.00650,      0,      0,       0,       0,       0,       0
total,         68063,    2835,    2835,    3900,     2.6,     2.5,     3.9,     4.6,    12.1,    13.1,   25.2,  0.00626,      0,      0,       0,       0,       0,       0
total,         70887,    2795,    2795,    3866,     2.7,     2.5,     4.0,     5.5,    13.6,    15.9,   26.2,  0.00602,      0,      0,       0,       0,       0,       0
total,         73592,    2677,    2677,    3714,     2.8,     2.5,     3.8,     5.0,    65.5,    67.1,   27.2,  0.00583,      0,      0,       0,       0,       0,       0
total,         76354,    2741,    2741,    3740,     2.7,     2.5,     3.8,     5.6,    56.2,    58.7,   28.2,  0.00564,      0,      0,       0,       0,       0,       0
total,         79216,    2841,    2841,    3888,     2.6,     2.5,     3.8,     4.5,    13.4,    13.8,   29.2,  0.00548,      0,      0,       0,       0,       0,       0
total,         81836,    2602,    2602,    3606,     2.9,     2.5,     4.0,     5.1,    83.3,    85.8,   30.2,  0.00530,      0,      0,       0,       0,       0,       0
total,         81860,    2439,    2439,    3557,     2.8,     2.7,     3.6,     6.6,     6.6,     6.6,   30.2,  0.00522,      0,      0,       0,       0,       0,       0


Results:
op rate                   : 2710 [insert:2710]
partition rate            : 2710 [insert:2710]
row rate                  : 3707 [insert:3707]
latency mean              : 2.8 [insert:2.8]
latency median            : 2.5 [insert:2.5]
latency 95th percentile   : 3.8 [insert:3.8]
latency 99th percentile   : 4.7 [insert:4.7]
latency 99.9th percentile : 52.5 [insert:52.5]
latency max               : 253.2 [insert:253.2]
Total partitions          : 81860 [insert:81860]
Total errors              : 0 [insert:0]
total gc count            : 0
total gc mb               : 0
total gc time (s)         : 0
avg gc time(ms)           : NaN
stdev gc time(ms)         : 0
Total operation time      : 00:00:30
Improvement over 4 threadCount: 31%
Sleeping for 15s
Running with 16 threadCount
Running [insert] with 16 threads until stderr of mean < 0.02
type,      total ops,    op/s,    pk/s,   row/s,    mean,     med,     .95,     .99,    .999,     max,   time,   stderr, errors,  gc: #,  max ms,  sum ms,  sdv ms,      mb
total,          2818,    2818,    2818,    3821,     5.4,     5.2,     7.1,     9.4,    27.8,    28.6,    1.0,  0.00000,      0,      0,       0,       0,       0,       0
total,          5570,    2773,    2773,    3770,     5.5,     5.3,     6.8,     7.9,    44.2,    45.4,    2.0,  0.00113,      0,      0,       0,       0,       0,       0
total,          8414,    2685,    2685,    3681,     5.8,     5.2,     7.1,    20.0,    81.4,    82.4,    3.1,  0.00259,      0,      0,       0,       0,       0,       0
total,         11254,    2823,    2823,    3901,     5.5,     5.3,     7.1,     8.4,    18.1,    21.5,    4.1,  0.00195,      0,      0,       0,       0,       0,       0
total,         14056,    2773,    2773,    3754,     5.6,     5.2,     6.9,     8.0,    66.1,    73.6,    5.1,  0.00157,      0,      0,       0,       0,       0,       0
total,         16977,    2898,    2898,    3893,     5.3,     5.2,     6.6,     7.5,    18.8,    19.3,    6.1,  0.00137,      0,      0,       0,       0,       0,       0
total,         19817,    2815,    2815,    3909,     5.5,     5.3,     7.3,    11.1,    21.7,    24.3,    7.1,  0.00120,      0,      0,       0,       0,       0,       0
total,         22599,    2756,    2756,    3805,     5.6,     5.2,     7.0,    11.6,    59.3,    61.7,    8.1,  0.00170,      0,      0,       0,       0,       0,       0
total,         24970,    2352,    2352,    3243,     6.5,     5.4,     7.1,    70.7,   116.2,   117.1,    9.1,  0.01825,      0,      0,       0,       0,       0,       0
total,         27833,    2839,    2839,    3903,     5.4,     5.3,     7.0,     8.4,    13.1,    14.3,   10.1,  0.01648,      0,      0,       0,       0,       0,       0
total,         29642,    1796,    1796,    2453,     8.7,     5.1,     7.1,     8.6,   496.5,   497.9,   11.1,  0.01510,      0,      0,       0,       0,       0,       0
total,         32539,    2872,    2872,    3882,     5.4,     5.3,     6.9,     8.1,    12.3,    13.3,   12.1,  0.01386,      0,      0,       0,       0,       0,       0
total,         35337,    2774,    2774,    3792,     5.6,     5.3,     7.0,    10.4,    47.9,    52.2,   13.1,  0.01285,      0,      0,       0,       0,       0,       0
total,         37987,    2627,    2627,    3621,     5.9,     5.3,     7.2,    10.9,    96.5,    99.2,   14.1,  0.01195,      0,      0,       0,       0,       0,       0
total,         40861,    2843,    2843,    3907,     5.4,     5.3,     7.1,     8.6,    16.6,    18.7,   15.2,  0.01119,      0,      0,       0,       0,       0,       0
total,         43475,    2584,    2584,    3548,     6.0,     5.3,     7.2,    37.2,    85.6,    87.4,   16.2,  0.01053,      0,      0,       0,       0,       0,       0
total,         45778,    2282,    2282,    3084,     6.8,     5.1,     6.9,    10.3,   247.3,   255.2,   17.2,  0.00995,      0,      0,       0,       0,       0,       0
total,         48661,    2855,    2855,    3920,     5.4,     5.3,     7.0,     8.0,    15.3,    16.2,   18.2,  0.00944,      0,      0,       0,       0,       0,       0
total,         50763,    2819,    2819,    3868,     5.3,     5.2,     7.1,     9.8,    14.3,    15.5,   18.9,  0.00894,      0,      0,       0,       0,       0,       0
total,         53515,    1654,    1654,    2280,     9.6,     5.3,     7.3,    42.9,   691.4,   695.6,   20.6,  0.00859,      0,      0,       0,       0,       0,       0
total,         56460,    2913,    2913,    3941,     5.3,     5.2,     7.0,     8.3,    12.7,    14.0,   21.6,  0.00824,      0,      0,       0,       0,       0,       0
total,         59071,    2579,    2579,    3573,     6.0,     5.3,     7.2,    42.3,    80.2,    85.5,   22.6,  0.00790,      0,      0,       0,       0,       0,       0
total,         61690,    2594,    2594,    3589,     5.9,     5.3,     7.3,    20.1,    96.8,    97.7,   23.6,  0.00756,      0,      0,       0,       0,       0,       0
total,         64553,    2836,    2836,    3925,     5.4,     5.3,     7.0,     8.5,    15.0,    15.6,   24.6,  0.00728,      0,      0,       0,       0,       0,       0
total,         67317,    2738,    2738,    3785,     5.6,     5.3,     7.5,    17.4,    43.9,    48.7,   25.6,  0.00699,      0,      0,       0,       0,       0,       0
total,         70164,    2696,    2696,    3726,     5.8,     5.3,     7.3,    14.7,    64.6,    65.7,   26.7,  0.00672,      0,      0,       0,       0,       0,       0
total,         72937,    2816,    2816,    3827,     5.4,     5.1,     7.1,     9.0,    49.9,    53.3,   27.7,  0.00648,      0,      0,       0,       0,       0,       0
total,         75882,    2842,    2842,    3821,     5.5,     5.2,     6.9,    11.6,    56.5,    59.4,   28.7,  0.00628,      0,      0,       0,       0,       0,       0
total,         78797,    2877,    2877,    3928,     5.3,     5.3,     7.0,     8.0,    10.6,    12.1,   29.7,  0.00609,      0,      0,       0,       0,       0,       0
total,         81602,    2775,    2775,    3755,     5.5,     5.2,     7.0,    13.0,    49.2,    50.7,   30.7,  0.00589,      0,      0,       0,       0,       0,       0
total,         81645,    3017,    3017,    3789,     5.4,     5.1,     7.1,     8.8,     8.8,     8.8,   30.8,  0.00573,      0,      0,       0,       0,       0,       0


Results:
op rate                   : 2654 [insert:2654]
partition rate            : 2654 [insert:2654]
row rate                  : 3632 [insert:3632]
latency mean              : 5.8 [insert:5.8]
latency median            : 5.3 [insert:5.3]
latency 95th percentile   : 7.0 [insert:7.0]
latency 99th percentile   : 9.0 [insert:9.0]
latency 99.9th percentile : 86.3 [insert:86.3]
latency max               : 695.6 [insert:695.6]
Total partitions          : 81645 [insert:81645]
Total errors              : 0 [insert:0]
total gc count            : 0
total gc mb               : 0
total gc time (s)         : 0
avg gc time(ms)           : NaN
stdev gc time(ms)         : 0
Total operation time      : 00:00:30
Improvement over 8 threadCount: -2%
Sleeping for 15s
Running with 24 threadCount
Running [insert] with 24 threads until stderr of mean < 0.02
type,      total ops,    op/s,    pk/s,   row/s,    mean,     med,     .95,     .99,    .999,     max,   time,   stderr, errors,  gc: #,  max ms,  sum ms,  sdv ms,      mb
total,          2734,    2735,    2735,    3729,     8.4,     8.0,    10.0,    15.9,    58.3,    59.3,    1.0,  0.00000,      0,      0,       0,       0,       0,       0
total,          5572,    2813,    2813,    3829,     8.3,     8.0,    10.3,    18.0,    38.1,    38.9,    2.0,  0.00932,      0,      0,       0,       0,       0,       0
total,          8162,    2566,    2566,    3431,     9.1,     7.8,    10.3,    56.3,   106.6,   108.3,    3.0,  0.02660,      0,      0,       0,       0,       0,       0
total,         10825,    2630,    2630,    3598,     8.9,     8.0,    10.2,    16.8,   114.3,   116.9,    4.0,  0.02419,      0,      0,       0,       0,       0,       0
total,         13648,    2788,    2788,    3912,     8.4,     8.3,    10.3,    14.1,    18.5,    21.7,    5.0,  0.02114,      0,      0,       0,       0,       0,       0
total,         16565,    2890,    2890,    3935,     8.1,     8.1,     9.7,    10.4,    16.6,    18.0,    6.1,  0.01882,      0,      0,       0,       0,       0,       0
total,         19417,    2821,    2821,    3855,     8.3,     8.1,    10.3,    14.5,    31.9,    33.3,    7.1,  0.01625,      0,      0,       0,       0,       0,       0
total,         22172,    2725,    2725,    3738,     8.6,     8.1,    10.4,    20.9,    75.7,    77.3,    8.1,  0.01438,      0,      0,       0,       0,       0,       0
total,         24925,    2724,    2724,    3693,     8.6,     8.0,    10.3,    17.1,    86.1,    88.0,    9.1,  0.01295,      0,      0,       0,       0,       0,       0
total,         27803,    2831,    2831,    3889,     8.3,     8.1,    10.3,    15.9,    21.1,    23.3,   10.1,  0.01176,      0,      0,       0,       0,       0,       0
total,         30705,    2868,    2868,    3923,     8.2,     8.1,    10.1,    13.2,    18.6,    19.2,   11.1,  0.01089,      0,      0,       0,       0,       0,       0
total,         32239,    1517,    1517,    2106,    15.6,     8.0,    11.0,   420.5,   497.4,   499.7,   12.1,  0.01388,      0,      0,       0,       0,       0,       0
total,         35140,    2848,    2848,    3886,     8.2,     8.0,    10.2,    15.5,    21.0,    23.3,   13.1,  0.01291,      0,      0,       0,       0,       0,       0
total,         38026,    2854,    2854,    3917,     8.2,     8.1,     9.9,    14.6,    21.8,    23.0,   14.2,  0.01213,      0,      0,       0,       0,       0,       0
total,         40947,    2881,    2881,    3938,     8.1,     8.0,     9.9,    14.7,    18.5,    20.5,   15.2,  0.01150,      0,      0,       0,       0,       0,       0
total,         43371,    2390,    2390,    3252,     9.8,     7.8,    13.0,    80.2,    92.7,    95.3,   16.2,  0.01417,      0,      0,       0,       0,       0,       0
total,         46201,    2786,    2786,    3890,     8.4,     8.2,    10.4,    14.8,    20.4,    23.4,   17.2,  0.01341,      0,      0,       0,       0,       0,       0
total,         49108,    2877,    2877,    3892,     8.1,     8.0,    10.1,    14.8,    19.3,    20.2,   18.2,  0.01273,      0,      0,       0,       0,       0,       0
total,         51811,    2815,    2815,    3876,     8.2,     8.1,    10.2,    11.7,    34.9,    39.5,   19.2,  0.01209,      0,      0,       0,       0,       0,       0
total,         54589,    2519,    2519,    3417,     9.4,     7.9,    11.4,    61.9,   115.2,   117.1,   20.3,  0.01156,      0,      0,       0,       0,       0,       0
total,         57504,    2873,    2873,    3938,     8.2,     8.0,    10.1,    15.5,    19.4,    21.7,   21.3,  0.01113,      0,      0,       0,       0,       0,       0
total,         60424,    2881,    2881,    3916,     8.1,     8.0,     9.9,    12.3,    19.9,    20.7,   22.3,  0.01069,      0,      0,       0,       0,       0,       0
total,         63127,    2669,    2669,    3674,     8.8,     8.1,    10.2,    20.4,    89.3,    92.4,   23.3,  0.01026,      0,      0,       0,       0,       0,       0
total,         65887,    2722,    2722,    3783,     8.6,     8.1,    10.8,    21.9,    74.2,    77.0,   24.3,  0.00985,      0,      0,       0,       0,       0,       0
total,         68735,    2805,    2805,    3880,     8.3,     8.2,    10.4,    15.5,    23.5,    25.4,   25.3,  0.00947,      0,      0,       0,       0,       0,       0
total,         71597,    2883,    2883,    3893,     8.0,     8.0,     9.9,    11.1,    17.2,    18.4,   26.3,  0.00913,      0,      0,       0,       0,       0,       0
total,         74540,    2697,    2697,    3677,     8.7,     8.0,    10.2,    37.1,    91.7,    93.2,   27.4,  0.00879,      0,      0,       0,       0,       0,       0
total,         77339,    2753,    2753,    3800,     8.5,     8.0,    11.0,    18.7,    54.2,    60.2,   28.4,  0.00851,      0,      0,       0,       0,       0,       0
total,         80286,    2907,    2907,    3956,     8.0,     7.9,     9.8,    13.7,    19.4,    20.4,   29.5,  0.00829,      0,      0,       0,       0,       0,       0
total,         83029,    2709,    2709,    3740,     8.7,     8.0,    10.4,    22.7,    88.6,    90.3,   30.5,  0.00805,      0,      0,       0,       0,       0,       0
total,         83093,    2717,    2717,    3779,     8.3,     8.3,     9.7,    14.5,    14.5,    14.5,   30.5,  0.00780,      0,      0,       0,       0,       0,       0


Results:
op rate                   : 2725 [insert:2725]
partition rate            : 2725 [insert:2725]
row rate                  : 3731 [insert:3731]
latency mean              : 8.6 [insert:8.6]
latency median            : 8.0 [insert:8.0]
latency 95th percentile   : 10.1 [insert:10.1]
latency 99th percentile   : 16.5 [insert:16.5]
latency 99.9th percentile : 91.8 [insert:91.8]
latency max               : 499.7 [insert:499.7]
Total partitions          : 83093 [insert:83093]
Total errors              : 0 [insert:0]
total gc count            : 0
total gc mb               : 0
total gc time (s)         : 0
avg gc time(ms)           : NaN
stdev gc time(ms)         : 0
Total operation time      : 00:00:30
Improvement over 16 threadCount: 3%
Sleeping for 15s
Running with 36 threadCount
Running [insert] with 36 threads until stderr of mean < 0.02
type,      total ops,    op/s,    pk/s,   row/s,    mean,     med,     .95,     .99,    .999,     max,   time,   stderr, errors,  gc: #,  max ms,  sum ms,  sdv ms,      mb
total,          2699,    2698,    2698,    3678,    12.9,    12.2,    14.3,    67.1,    75.4,    76.7,    1.0,  0.00000,      0,      0,       0,       0,       0,       0
total,          5529,    2774,    2774,    3839,    12.8,    12.2,    15.0,    47.1,    56.9,    57.4,    2.0,  0.00752,      0,      0,       0,       0,       0,       0
total,          8309,    2736,    2736,    3725,    12.9,    12.1,    15.1,    57.6,    93.3,    94.4,    3.0,  0.00501,      0,      0,       0,       0,       0,       0
total,         11217,    2851,    2851,    3923,    12.4,    12.3,    14.4,    20.6,    45.8,    48.3,    4.1,  0.00441,      0,      0,       0,       0,       0,       0
total,         14146,    2864,    2864,    3853,    12.4,    12.0,    14.7,    33.0,    55.7,    60.2,    5.1,  0.00395,      0,      0,       0,       0,       0,       0
total,         16989,    2801,    2801,    3911,    12.6,    12.6,    15.0,    20.3,    29.5,    35.4,    6.1,  0.00345,      0,      0,       0,       0,       0,       0
total,         19873,    2837,    2837,    3905,    12.5,    12.4,    14.9,    18.3,    27.5,    28.8,    7.1,  0.00301,      0,      0,       0,       0,       0,       0
total,         22702,    2787,    2787,    3852,    12.7,    12.4,    14.9,    23.2,    57.1,    57.7,    8.1,  0.00288,      0,      0,       0,       0,       0,       0
total,         25113,    2370,    2370,    3298,    14.9,    12.5,    15.2,   123.5,   131.3,   133.0,    9.1,  0.01632,      0,      0,       0,       0,       0,       0
total,         28010,    2855,    2855,    3891,    12.4,    12.1,    14.8,    25.2,    56.7,    62.5,   10.2,  0.01476,      0,      0,       0,       0,       0,       0
total,         30919,    2861,    2861,    3891,    12.4,    12.2,    14.5,    20.1,    27.4,    42.3,   11.2,  0.01348,      0,      0,       0,       0,       0,       0
total,         33855,    2894,    2894,    3917,    12.3,    12.1,    14.4,    16.7,    28.6,    30.0,   12.2,  0.01245,      0,      0,       0,       0,       0,       0
total,         36575,    2656,    2656,    3632,    13.3,    12.1,    17.3,    74.6,    98.0,    99.6,   13.2,  0.01223,      0,      0,       0,       0,       0,       0
total,         39508,    2882,    2882,    3942,    12.3,    12.2,    14.5,    18.7,    25.5,    26.9,   14.2,  0.01153,      0,      0,       0,       0,       0,       0
total,         42138,    2579,    2579,    3536,    13.8,    12.0,    16.8,    90.7,   155.9,   163.9,   15.3,  0.01081,      0,      0,       0,       0,       0,       0
total,         45055,    2854,    2854,    3913,    12.4,    12.2,    14.8,    20.3,    26.1,    27.7,   16.3,  0.01021,      0,      0,       0,       0,       0,       0
total,         47913,    2808,    2808,    3838,    12.6,    12.0,    15.4,    50.0,    73.2,    73.9,   17.3,  0.00961,      0,      0,       0,       0,       0,       0
total,         50796,    2837,    2837,    3920,    12.5,    12.3,    14.8,    20.2,    27.5,    29.8,   18.3,  0.00914,      0,      0,       0,       0,       0,       0
total,         53563,    2718,    2718,    3743,    13.0,    12.3,    15.7,    54.6,    70.4,    73.3,   19.3,  0.00876,      0,      0,       0,       0,       0,       0
total,         56357,    2746,    2746,    3743,    12.9,    12.2,    14.7,    57.7,    88.2,    91.7,   20.3,  0.00836,      0,      0,       0,       0,       0,       0
total,         59223,    2812,    2812,    3860,    12.5,    12.3,    15.0,    24.1,    33.3,    37.2,   21.4,  0.00797,      0,      0,       0,       0,       0,       0
total,         62242,    2872,    2872,    3882,    12.4,    12.0,    15.0,    41.0,    62.7,    66.5,   22.4,  0.00762,      0,      0,       0,       0,       0,       0
total,         64833,    2830,    2830,    3837,    12.0,    12.0,    15.0,    22.8,    34.0,    38.7,   23.3,  0.00729,      0,      0,       0,       0,       0,       0
total,         67502,    1372,    1372,    1869,    26.4,    11.9,    22.3,   957.0,   991.0,   993.2,   25.3,  0.00759,      0,      0,       0,       0,       0,       0
total,         70455,    2902,    2902,    3919,    12.2,    12.0,    14.8,    25.3,    56.2,    60.8,   26.3,  0.00734,      0,      0,       0,       0,       0,       0
total,         73123,    2859,    2859,    3851,    11.8,    11.9,    14.4,    17.9,    23.6,    27.4,   27.2,  0.00706,      0,      0,       0,       0,       0,       0
total,         76010,    1871,    1871,    2559,    19.4,    12.0,    15.9,   556.2,   621.4,   627.0,   28.8,  0.00681,      0,      0,       0,       0,       0,       0
total,         78975,    2901,    2901,    3962,    12.3,    12.2,    15.1,    19.3,    26.2,    26.6,   29.8,  0.00666,      0,      0,       0,       0,       0,       0
total,         81628,    2601,    2601,    3605,    13.6,    12.1,    20.8,    66.1,    96.3,   101.6,   30.8,  0.00677,      0,      0,       0,       0,       0,       0
total,         84555,    2883,    2883,    3909,    12.3,    12.1,    14.4,    18.6,    25.9,    27.9,   31.8,  0.00658,      0,      0,       0,       0,       0,       0
total,         84635,    2806,    2806,    3788,    12.7,    12.5,    17.0,    20.0,    20.0,    20.0,   31.9,  0.00638,      0,      0,       0,       0,       0,       0


Results:
op rate                   : 2657 [insert:2657]
partition rate            : 2657 [insert:2657]
row rate                  : 3634 [insert:3634]
latency mean              : 13.3 [insert:13.3]
latency median            : 12.2 [insert:12.2]
latency 95th percentile   : 14.9 [insert:14.9]
latency 99th percentile   : 26.7 [insert:26.7]
latency 99.9th percentile : 122.9 [insert:122.9]
latency max               : 993.2 [insert:993.2]
Total partitions          : 84635 [insert:84635]
Total errors              : 0 [insert:0]
total gc count            : 0
total gc mb               : 0
total gc time (s)         : 0
avg gc time(ms)           : NaN
stdev gc time(ms)         : 0
Total operation time      : 00:00:31
Improvement over 24 threadCount: -2%
Sleeping for 15s
            id, type,      total ops,    op/s,    pk/s,   row/s,    mean,     med,     .95,     .99,    .999,     max,   time,   stderr, errors,  gc: #,  max ms,  sum ms,  sdv ms,      mb
 4 threadCount, insert,        62516,    2067,    2067,    2827,     1.7,     1.5,     2.7,     3.6,    38.2,   272.2,   30.2,  0.01249,      0,      0,       0,       0,       0,       0
 4 threadCount, total,         62516,    2067,    2067,    2827,     1.7,     1.5,     2.7,     3.6,    38.2,   272.2,   30.2,  0.01249,      0,      0,       0,       0,       0,       0
 8 threadCount, insert,        81860,    2710,    2710,    3707,     2.8,     2.5,     3.8,     4.7,    52.5,   253.2,   30.2,  0.00522,      0,      0,       0,       0,       0,       0
 8 threadCount, total,         81860,    2710,    2710,    3707,     2.8,     2.5,     3.8,     4.7,    52.5,   253.2,   30.2,  0.00522,      0,      0,       0,       0,       0,       0
16 threadCount, insert,        81645,    2654,    2654,    3632,     5.8,     5.3,     7.0,     9.0,    86.3,   695.6,   30.8,  0.00573,      0,      0,       0,       0,       0,       0
16 threadCount, total,         81645,    2654,    2654,    3632,     5.8,     5.3,     7.0,     9.0,    86.3,   695.6,   30.8,  0.00573,      0,      0,       0,       0,       0,       0
24 threadCount, insert,        83093,    2725,    2725,    3731,     8.6,     8.0,    10.1,    16.5,    91.8,   499.7,   30.5,  0.00780,      0,      0,       0,       0,       0,       0
24 threadCount, total,         83093,    2725,    2725,    3731,     8.6,     8.0,    10.1,    16.5,    91.8,   499.7,   30.5,  0.00780,      0,      0,       0,       0,       0,       0
36 threadCount, insert,        84635,    2657,    2657,    3634,    13.3,    12.2,    14.9,    26.7,   122.9,   993.2,   31.9,  0.00638,      0,      0,       0,       0,       0,       0
36 threadCount, total,         84635,    2657,    2657,    3634,    13.3,    12.2,    14.9,    26.7,   122.9,   993.2,   31.9,  0.00638,      0,      0,       0,       0,       0,       0
END
