INFO  22:24:32 Did not find Netty's native epoll transport in the classpath, defaulting to NIO.
INFO  22:24:32 Using data-center name 'datacenter1' for DCAwareRoundRobinPolicy (if this is incorrect, please provide the correct datacenter name with DCAwareRoundRobinPolicy constructor)
INFO  22:24:32 New Cassandra host /192.168.2.54:9042 added
INFO  22:24:32 New Cassandra host /192.168.2.55:9042 added
Connected to cluster: MalungoCluster
Datatacenter: datacenter1; Host: /192.168.2.54; Rack: rack1
Datatacenter: datacenter1; Host: /192.168.2.55; Rack: rack1
Created schema. Sleeping 2s for propagation.
Sleeping 2s...
Warming up insert with 100000 iterations...
Generating batches with [1..1] partitions and [1..1] rows (of [1000..1000] total rows in the partitions)
WARNING: uncertainty mode (err<) results in uneven workload between thread runs, so should be used for high level analysis only
Running with 4 threadCount
Running [insert] with 4 threads until stderr of mean < 0.02
type,      total ops,    op/s,    pk/s,   row/s,    mean,     med,     .95,     .99,    .999,     max,   time,   stderr, errors,  gc: #,  max ms,  sum ms,  sdv ms,      mb
total,          1934,    1934,    1934,    2633,     1.8,     1.6,     2.9,     5.1,    37.7,    37.7,    1.0,  0.00000,      0,      0,       0,       0,       0,       0
total,          3797,    1857,    1857,    2548,     1.9,     1.5,     3.0,     5.3,    82.9,    88.9,    2.0,  0.01700,      0,      0,       0,       0,       0,       0
total,          5929,    2125,    2125,    2912,     1.7,     1.5,     2.9,     3.6,    11.7,    12.6,    3.0,  0.02606,      0,      0,       0,       0,       0,       0
total,          7880,    1945,    1945,    2654,     1.9,     1.5,     2.8,     3.7,    97.8,    98.6,    4.0,  0.02241,      0,      0,       0,       0,       0,       0
total,          9876,    1987,    1987,    2739,     1.8,     1.5,     2.7,     4.1,    88.1,    89.0,    5.0,  0.02090,      0,      0,       0,       0,       0,       0
total,         11789,    1972,    1972,    2715,     1.8,     1.5,     2.7,     4.3,    91.3,    97.2,    6.0,  0.01846,      0,      0,       0,       0,       0,       0
total,         14026,    2098,    2098,    2831,     1.7,     1.4,     2.7,     4.5,    73.2,    83.2,    7.0,  0.01697,      0,      0,       0,       0,       0,       0
total,         15624,    1592,    1592,    2211,     2.3,     1.4,     2.6,     3.4,   307.3,   307.5,    8.1,  0.01780,      0,      0,       0,       0,       0,       0
total,         17554,    1923,    1923,    2639,     1.9,     1.5,     3.1,     6.3,    64.5,    66.6,    9.1,  0.01637,      0,      0,       0,       0,       0,       0
total,         19424,    1861,    1861,    2560,     2.0,     1.6,     3.2,     6.1,    72.4,    72.6,   10.1,  0.01574,      0,      0,       0,       0,       0,       0
total,         21274,    1842,    1842,    2544,     2.0,     1.6,     3.0,     5.0,    63.7,    64.5,   11.1,  0.01537,      0,      0,       0,       0,       0,       0
total,         23367,    2082,    2082,    2827,     1.7,     1.5,     2.9,     4.6,    10.0,    11.9,   12.1,  0.01418,      0,      0,       0,       0,       0,       0
total,         25484,    2108,    2108,    2867,     1.7,     1.5,     2.8,     3.7,    40.6,    43.6,   13.1,  0.01330,      0,      0,       0,       0,       0,       0
total,         27639,    2142,    2142,    2972,     1.7,     1.5,     2.8,     4.9,    10.8,    13.4,   14.1,  0.01265,      0,      0,       0,       0,       0,       0
total,         29623,    1976,    1976,    2686,     1.8,     1.5,     2.8,     5.0,    45.2,    45.7,   15.1,  0.01271,      0,      0,       0,       0,       0,       0
total,         31849,    2216,    2216,    3057,     1.6,     1.5,     2.7,     3.5,     4.7,     7.8,   16.1,  0.01246,      0,      0,       0,       0,       0,       0
total,         33978,    2089,    2089,    2860,     1.7,     1.5,     2.7,     3.7,    47.6,    48.0,   17.1,  0.01190,      0,      0,       0,       0,       0,       0
total,         36016,    2028,    2028,    2750,     1.8,     1.5,     2.8,     5.9,    45.0,    47.1,   18.1,  0.01127,      0,      0,       0,       0,       0,       0
total,         36963,    2164,    2164,    3005,     1.6,     1.5,     2.6,     3.6,     9.0,     9.0,   18.6,  0.01084,      0,      0,       0,       0,       0,       0
total,         39097,    1051,    1051,    1399,     3.6,     1.4,     2.5,     3.5,  1033.5,  1045.9,   20.6,  0.01035,      0,      0,       0,       0,       0,       0
total,         41178,    1418,    1418,    1917,     2.6,     1.4,     2.8,     6.3,   469.3,   473.2,   22.1,  0.00999,      0,      0,       0,       0,       0,       0
total,         43254,    2065,    2065,    2747,     1.7,     1.5,     2.8,     5.6,    46.9,    49.6,   23.1,  0.00955,      0,      0,       0,       0,       0,       0
total,         45317,    2050,    2050,    2862,     1.8,     1.5,     3.1,     5.3,    17.1,    18.5,   24.1,  0.00914,      0,      0,       0,       0,       0,       0
total,         47539,    2205,    2205,    3051,     1.6,     1.5,     2.7,     3.5,     5.8,     9.7,   25.1,  0.00904,      0,      0,       0,       0,       0,       0
total,         49554,    2000,    2000,    2705,     1.8,     1.4,     2.8,     5.4,    60.0,    62.5,   26.1,  0.00869,      0,      0,       0,       0,       0,       0
total,         51808,    2240,    2240,    3036,     1.6,     1.4,     2.5,     3.3,    17.3,    17.5,   27.1,  0.00871,      0,      0,       0,       0,       0,       0
total,         53932,    2114,    2114,    2857,     1.7,     1.4,     2.5,     3.2,    61.5,    62.4,   28.1,  0.00851,      0,      0,       0,       0,       0,       0
total,         56238,    2291,    2291,    3118,     1.6,     1.4,     2.5,     3.1,     4.4,     5.6,   29.1,  0.00857,      0,      0,       0,       0,       0,       0
total,         58335,    2083,    2083,    2815,     1.7,     1.4,     2.5,     3.4,    66.1,    67.3,   30.1,  0.00835,      0,      0,       0,       0,       0,       0
total,         60505,    2158,    2158,    2994,     1.7,     1.5,     2.7,     3.3,    21.2,    21.4,   31.1,  0.00811,      0,      0,       0,       0,       0,       0
total,         60519,    1818,    1818,    2597,     1.7,     1.9,     2.6,     2.6,     2.6,     2.6,   31.1,  0.00862,      0,      0,       0,       0,       0,       0


Results:
op rate                   : 1945 [insert:1945]
partition rate            : 1945 [insert:1945]
row rate                  : 2657 [insert:2657]
latency mean              : 1.9 [insert:1.9]
latency median            : 1.5 [insert:1.5]
latency 95th percentile   : 2.8 [insert:2.8]
latency 99th percentile   : 4.3 [insert:4.3]
latency 99.9th percentile : 55.7 [insert:55.7]
latency max               : 1045.9 [insert:1045.9]
Total partitions          : 60519 [insert:60519]
Total errors              : 0 [insert:0]
total gc count            : 0
total gc mb               : 0
total gc time (s)         : 0
avg gc time(ms)           : NaN
stdev gc time(ms)         : 0
Total operation time      : 00:00:31
Sleeping for 15s
Running with 8 threadCount
Running [insert] with 8 threads until stderr of mean < 0.02
type,      total ops,    op/s,    pk/s,   row/s,    mean,     med,     .95,     .99,    .999,     max,   time,   stderr, errors,  gc: #,  max ms,  sum ms,  sdv ms,      mb
total,          2791,    2791,    2791,    3764,     2.7,     2.5,     3.9,     5.3,    32.3,    34.6,    1.0,  0.00000,      0,      0,       0,       0,       0,       0
total,          5439,    2637,    2637,    3614,     2.8,     2.5,     3.8,     5.4,    80.2,    80.9,    2.0,  0.00175,      0,      0,       0,       0,       0,       0
total,          8192,    2739,    2739,    3820,     2.7,     2.5,     4.0,     5.6,    26.9,    28.5,    3.0,  0.00507,      0,      0,       0,       0,       0,       0
total,         10758,    2550,    2550,    3504,     2.9,     2.5,     3.9,     4.9,    89.0,    90.5,    4.0,  0.00468,      0,      0,       0,       0,       0,       0
total,         13499,    2725,    2725,    3804,     2.7,     2.6,     3.9,     5.4,    24.8,    25.3,    5.0,  0.00408,      0,      0,       0,       0,       0,       0
total,         16061,    2550,    2550,    3484,     2.9,     2.5,     4.0,     5.0,    87.5,    88.4,    6.0,  0.00459,      0,      0,       0,       0,       0,       0
total,         18855,    2780,    2780,    3814,     2.7,     2.5,     3.8,     4.5,    27.1,    29.4,    7.0,  0.00411,      0,      0,       0,       0,       0,       0
total,         21711,    2840,    2840,    3839,     2.6,     2.5,     3.7,     4.7,    26.0,    27.2,    8.0,  0.00446,      0,      0,       0,       0,       0,       0
total,         24255,    2530,    2530,    3495,     3.0,     2.6,     3.9,     5.1,    87.7,    89.5,    9.0,  0.00411,      0,      0,       0,       0,       0,       0
total,         27047,    2781,    2781,    3797,     2.7,     2.5,     3.8,     5.1,    25.2,    25.4,   10.0,  0.00393,      0,      0,       0,       0,       0,       0
total,         29656,    2596,    2596,    3567,     2.9,     2.5,     4.0,     5.5,    86.1,    86.2,   11.1,  0.00361,      0,      0,       0,       0,       0,       0
total,         32122,    2452,    2452,    3350,     3.1,     2.5,     3.8,     4.7,   155.0,   155.9,   12.1,  0.00391,      0,      0,       0,       0,       0,       0
total,         34840,    2704,    2704,    3669,     2.8,     2.5,     3.9,     6.8,    57.1,    57.5,   13.1,  0.00361,      0,      0,       0,       0,       0,       0
total,         37401,    2546,    2546,    3497,     2.9,     2.5,     4.1,     8.4,    82.7,    84.6,   14.1,  0.00369,      0,      0,       0,       0,       0,       0
total,         40158,    2739,    2739,    3673,     2.7,     2.5,     4.0,     6.7,    53.6,    55.2,   15.1,  0.00344,      0,      0,       0,       0,       0,       0
total,         43029,    2853,    2853,    3889,     2.6,     2.5,     3.9,     4.8,    11.9,    12.8,   16.1,  0.00329,      0,      0,       0,       0,       0,       0
total,         45532,    2486,    2486,    3406,     3.0,     2.5,     4.1,     9.8,    75.6,    80.7,   17.1,  0.00438,      0,      0,       0,       0,       0,       0
total,         48385,    2833,    2833,    3828,     2.6,     2.5,     4.0,     5.7,    17.8,    19.8,   18.1,  0.00414,      0,      0,       0,       0,       0,       0
total,         50912,    2512,    2512,    3456,     3.0,     2.5,     4.3,     9.1,    54.4,    54.9,   19.1,  0.00647,      0,      0,       0,       0,       0,       0
total,         53750,    2816,    2816,    3890,     2.6,     2.5,     3.9,     4.9,    13.3,    14.6,   20.1,  0.00621,      0,      0,       0,       0,       0,       0
total,         56351,    2582,    2582,    3547,     2.9,     2.5,     4.0,     5.8,    51.4,    52.4,   21.1,  0.00681,      0,      0,       0,       0,       0,       0
total,         59167,    2799,    2799,    3826,     2.7,     2.5,     4.0,     5.6,    11.7,    14.0,   22.1,  0.00650,      0,      0,       0,       0,       0,       0
total,         61347,    2168,    2168,    3000,     3.5,     2.5,     4.0,     6.3,   206.9,   214.0,   23.1,  0.00645,      0,      0,       0,       0,       0,       0
total,         64165,    2684,    2684,    3699,     2.8,     2.5,     4.0,     5.2,    51.9,    53.0,   24.2,  0.00621,      0,      0,       0,       0,       0,       0
total,         66970,    2782,    2782,    3869,     2.7,     2.5,     4.0,     5.8,    10.1,    11.1,   25.2,  0.00599,      0,      0,       0,       0,       0,       0
total,         69691,    2700,    2700,    3676,     2.8,     2.5,     4.0,     7.4,    56.4,    57.6,   26.2,  0.00580,      0,      0,       0,       0,       0,       0
total,         72465,    2754,    2754,    3735,     2.7,     2.4,     3.8,     5.0,    51.9,    53.6,   27.2,  0.00567,      0,      0,       0,       0,       0,       0
total,         75125,    2641,    2641,    3623,     2.8,     2.5,     4.0,     9.1,    54.1,    55.9,   28.2,  0.00548,      0,      0,       0,       0,       0,       0
total,         77836,    2692,    2692,    3664,     2.8,     2.5,     4.1,     5.6,    50.4,    53.8,   29.2,  0.00529,      0,      0,       0,       0,       0,       0
total,         80567,    2711,    2711,    3708,     2.7,     2.5,     3.8,     5.3,    43.9,    47.6,   30.2,  0.00513,      0,      0,       0,       0,       0,       0


Results:
op rate                   : 2666 [insert:2666]
partition rate            : 2666 [insert:2666]
row rate                  : 3650 [insert:3650]
latency mean              : 2.8 [insert:2.8]
latency median            : 2.5 [insert:2.5]
latency 95th percentile   : 3.9 [insert:3.9]
latency 99th percentile   : 5.4 [insert:5.4]
latency 99.9th percentile : 54.1 [insert:54.1]
latency max               : 214.0 [insert:214.0]
Total partitions          : 80567 [insert:80567]
Total errors              : 0 [insert:0]
total gc count            : 0
total gc mb               : 0
total gc time (s)         : 0
avg gc time(ms)           : NaN
stdev gc time(ms)         : 0
Total operation time      : 00:00:30
Improvement over 4 threadCount: 37%
Sleeping for 15s
Running with 16 threadCount
Running [insert] with 16 threads until stderr of mean < 0.02
type,      total ops,    op/s,    pk/s,   row/s,    mean,     med,     .95,     .99,    .999,     max,   time,   stderr, errors,  gc: #,  max ms,  sum ms,  sdv ms,      mb
total,          2720,    2720,    2720,    3754,     5.6,     5.3,     7.5,    20.0,    34.0,    35.4,    1.0,  0.00000,      0,      0,       0,       0,       0,       0
total,          5538,    2796,    2796,    3795,     5.5,     5.2,     7.6,    17.6,    31.3,    32.0,    2.0,  0.01260,      0,      0,       0,       0,       0,       0
total,          8304,    2744,    2744,    3751,     5.6,     5.3,     7.0,    24.8,    45.8,    47.3,    3.0,  0.00897,      0,      0,       0,       0,       0,       0
total,         11116,    2851,    2851,    3920,     5.4,     5.3,     7.1,     7.9,    12.3,    13.1,    4.0,  0.00815,      0,      0,       0,       0,       0,       0
total,         13885,    2440,    2440,    3309,     6.4,     5.3,     7.0,    57.1,   136.4,   137.1,    5.1,  0.00862,      0,      0,       0,       0,       0,       0
total,         16780,    2874,    2874,    3891,     5.4,     5.3,     6.9,     8.4,    15.9,    19.4,    6.1,  0.00751,      0,      0,       0,       0,       0,       0
total,         19663,    2857,    2857,    3904,     5.4,     5.2,     7.1,     8.1,    14.8,    16.5,    7.2,  0.00675,      0,      0,       0,       0,       0,       0
total,         22363,    2678,    2678,    3606,     5.8,     5.3,     6.8,    12.2,    91.2,    91.6,    8.2,  0.00607,      0,      0,       0,       0,       0,       0
total,         25060,    2675,    2675,    3641,     5.8,     5.2,     6.9,    13.4,    87.0,    89.8,    9.2,  0.00553,      0,      0,       0,       0,       0,       0
total,         27986,    2904,    2904,    3898,     5.3,     5.2,     6.8,     8.4,    15.4,    16.6,   10.2,  0.00504,      0,      0,       0,       0,       0,       0
total,         30820,    2810,    2810,    3886,     5.5,     5.4,     7.0,     8.0,    15.5,    17.6,   11.2,  0.00460,      0,      0,       0,       0,       0,       0
total,         33679,    2836,    2836,    3928,     5.4,     5.3,     7.0,     8.4,    13.4,    14.4,   12.2,  0.00460,      0,      0,       0,       0,       0,       0
total,         36097,    2398,    2398,    3349,     6.5,     5.3,     7.4,    79.5,    90.8,    92.2,   13.2,  0.01103,      0,      0,       0,       0,       0,       0
total,         38953,    2832,    2832,    3879,     5.4,     5.3,     7.0,    10.1,    14.4,    15.1,   14.2,  0.01026,      0,      0,       0,       0,       0,       0
total,         41831,    2849,    2849,    3927,     5.4,     5.3,     7.1,     8.9,    16.1,    17.3,   15.2,  0.00968,      0,      0,       0,       0,       0,       0
total,         44541,    2688,    2688,    3714,     5.7,     5.4,     7.2,    13.2,    57.5,    59.7,   16.2,  0.00909,      0,      0,       0,       0,       0,       0
total,         47469,    2901,    2901,    3935,     5.3,     5.3,     6.7,     7.7,    11.1,    14.2,   17.2,  0.00864,      0,      0,       0,       0,       0,       0
total,         50088,    2588,    2588,    3581,     6.0,     5.4,     7.3,    14.3,    88.1,    88.4,   18.3,  0.00816,      0,      0,       0,       0,       0,       0
total,         52881,    2765,    2765,    3765,     5.6,     5.2,     6.9,    13.4,    62.0,    66.8,   19.3,  0.00783,      0,      0,       0,       0,       0,       0
total,         55614,    2698,    2698,    3731,     5.7,     5.3,     7.1,    11.5,    60.1,    60.2,   20.3,  0.00746,      0,      0,       0,       0,       0,       0
total,         58354,    2708,    2708,    3698,     5.7,     5.3,     7.2,    11.7,    72.8,    75.1,   21.3,  0.00711,      0,      0,       0,       0,       0,       0
total,         61134,    2752,    2752,    3732,     5.6,     5.2,     7.0,    12.6,    57.1,    57.5,   22.3,  0.00679,      0,      0,       0,       0,       0,       0
total,         64028,    2863,    2863,    3896,     5.4,     5.2,     7.1,     9.7,    16.8,    19.6,   23.3,  0.00650,      0,      0,       0,       0,       0,       0
total,         66555,    2568,    2568,    3519,     6.0,     5.3,     7.2,    12.6,   101.3,   102.9,   24.3,  0.00623,      0,      0,       0,       0,       0,       0
total,         69427,    2745,    2745,    3793,     5.7,     5.3,     7.3,     8.9,    55.6,    58.0,   25.3,  0.00603,      0,      0,       0,       0,       0,       0
total,         72115,    2729,    2729,    3713,     5.6,     5.2,     7.0,    13.4,    58.6,    60.1,   26.3,  0.00580,      0,      0,       0,       0,       0,       0
total,         74718,    2659,    2659,    3644,     5.7,     5.2,     6.8,    14.3,    76.0,    79.6,   27.3,  0.00558,      0,      0,       0,       0,       0,       0
total,         77429,    2404,    2404,    3337,     6.6,     5.3,     7.5,    52.1,   178.8,   185.7,   28.4,  0.00551,      0,      0,       0,       0,       0,       0
total,         80139,    2684,    2684,    3698,     5.7,     5.4,     7.3,    11.3,    58.7,    59.7,   29.4,  0.00532,      0,      0,       0,       0,       0,       0
total,         82819,    2655,    2655,    3629,     5.8,     5.2,     7.5,    13.4,    87.3,    91.0,   30.4,  0.00516,      0,      0,       0,       0,       0,       0
total,         82865,    2482,    2482,    3615,     5.7,     5.2,     7.6,    10.5,    10.5,    10.5,   30.5,  0.00541,      0,      0,       0,       0,       0,       0


Results:
op rate                   : 2720 [insert:2720]
partition rate            : 2720 [insert:2720]
row rate                  : 3724 [insert:3724]
latency mean              : 5.7 [insert:5.7]
latency median            : 5.3 [insert:5.3]
latency 95th percentile   : 7.0 [insert:7.0]
latency 99th percentile   : 10.0 [insert:10.0]
latency 99.9th percentile : 79.6 [insert:79.6]
latency max               : 185.7 [insert:185.7]
Total partitions          : 82865 [insert:82865]
Total errors              : 0 [insert:0]
total gc count            : 0
total gc mb               : 0
total gc time (s)         : 0
avg gc time(ms)           : NaN
stdev gc time(ms)         : 0
Total operation time      : 00:00:30
Improvement over 8 threadCount: 2%
Sleeping for 15s
Running with 24 threadCount
Running [insert] with 24 threads until stderr of mean < 0.02
type,      total ops,    op/s,    pk/s,   row/s,    mean,     med,     .95,     .99,    .999,     max,   time,   stderr, errors,  gc: #,  max ms,  sum ms,  sdv ms,      mb
total,          2828,    2828,    2828,    3843,     8.3,     8.0,    10.1,    26.3,    39.1,    40.7,    1.0,  0.00000,      0,      0,       0,       0,       0,       0
total,          5635,    2780,    2780,    3886,     8.4,     8.2,    10.4,    14.5,    37.6,    39.2,    2.0,  0.00654,      0,      0,       0,       0,       0,       0
total,          8438,    2513,    2513,    3450,     9.3,     8.1,    10.4,    57.9,   118.4,   119.9,    3.1,  0.03444,      0,      0,       0,       0,       0,       0
total,         11252,    2783,    2783,    3814,     8.4,     8.1,    10.3,    23.7,    49.1,    51.4,    4.1,  0.02590,      0,      0,       0,       0,       0,       0
total,         14033,    2752,    2752,    3776,     8.5,     8.0,    10.5,    18.8,    64.5,    66.6,    5.1,  0.02121,      0,      0,       0,       0,       0,       0
total,         16874,    2812,    2812,    3796,     8.3,     7.9,    10.5,    18.1,    53.0,    55.3,    6.2,  0.01819,      0,      0,       0,       0,       0,       0
total,         19593,    2689,    2689,    3752,     8.7,     8.2,    10.4,    17.3,    69.3,    71.1,    7.2,  0.01586,      0,      0,       0,       0,       0,       0
total,         21845,    2216,    2216,    3013,    10.6,     7.9,    10.4,   236.8,   322.6,   329.3,    8.2,  0.01397,      0,      0,       0,       0,       0,       0
total,         24569,    2679,    2679,    3623,     8.8,     7.9,    10.6,    53.8,    63.3,    66.7,    9.2,  0.01383,      0,      0,       0,       0,       0,       0
total,         27434,    2833,    2833,    3835,     8.3,     8.0,    10.4,    21.7,    26.3,    28.2,   10.2,  0.01245,      0,      0,       0,       0,       0,       0
total,         30355,    2776,    2776,    3780,     8.4,     8.0,    10.1,    23.6,    50.9,    54.1,   11.3,  0.01137,      0,      0,       0,       0,       0,       0
total,         33066,    2682,    2682,    3669,     8.8,     8.0,    10.4,    19.1,    87.1,    87.2,   12.3,  0.01059,      0,      0,       0,       0,       0,       0
total,         35840,    2738,    2738,    3779,     8.6,     8.1,    10.4,    18.8,    60.4,    67.8,   13.3,  0.00984,      0,      0,       0,       0,       0,       0
total,         38727,    2846,    2846,    3929,     8.2,     8.1,    10.2,    16.2,    19.0,    19.7,   14.3,  0.00928,      0,      0,       0,       0,       0,       0
total,         41650,    2888,    2888,    3907,     8.1,     7.9,     9.8,    14.0,    21.7,    23.1,   15.3,  0.00872,      0,      0,       0,       0,       0,       0
total,         44356,    2669,    2669,    3714,     8.8,     8.2,    10.2,    18.2,    75.9,    79.1,   16.3,  0.00820,      0,      0,       0,       0,       0,       0
total,         47042,    2647,    2647,    3641,     8.9,     8.2,    10.3,    17.3,    91.6,    95.9,   17.3,  0.00774,      0,      0,       0,       0,       0,       0
total,         49914,    2838,    2838,    3844,     8.2,     8.1,    10.2,    17.1,    24.4,    24.5,   18.4,  0.00731,      0,      0,       0,       0,       0,       0
total,         52457,    2512,    2512,    3479,     9.3,     8.1,    10.7,    71.9,    80.2,    80.9,   19.4,  0.00855,      0,      0,       0,       0,       0,       0
total,         55363,    2871,    2871,    3891,     8.1,     7.9,    10.2,    14.1,    47.7,    56.0,   20.4,  0.00815,      0,      0,       0,       0,       0,       0
total,         58114,    2473,    2473,    3396,     9.6,     7.9,    11.2,    78.3,   127.8,   129.1,   21.5,  0.00785,      0,      0,       0,       0,       0,       0
total,         61000,    2853,    2853,    3895,     8.2,     8.0,    10.1,    14.7,    19.1,    22.3,   22.5,  0.00753,      0,      0,       0,       0,       0,       0
total,         63727,    2690,    2690,    3672,     8.7,     8.1,    10.6,    20.9,    68.3,    69.7,   23.5,  0.00720,      0,      0,       0,       0,       0,       0
total,         66443,    2678,    2678,    3660,     8.7,     8.0,    10.3,    16.5,    90.4,    95.7,   24.5,  0.00694,      0,      0,       0,       0,       0,       0
total,         69195,    2713,    2713,    3714,     8.6,     8.1,    10.3,    26.6,    65.3,    68.0,   25.5,  0.00667,      0,      0,       0,       0,       0,       0
total,         72115,    2882,    2882,    3932,     8.1,     7.9,    10.2,    13.4,    17.9,    20.3,   26.6,  0.00647,      0,      0,       0,       0,       0,       0
total,         74881,    2723,    2723,    3753,     8.6,     8.1,    10.8,    20.7,    64.8,    65.9,   27.6,  0.00626,      0,      0,       0,       0,       0,       0
total,         77770,    2847,    2847,    3910,     8.2,     8.1,    10.0,    14.4,    20.6,    21.5,   28.6,  0.00607,      0,      0,       0,       0,       0,       0
total,         80432,    2718,    2718,    3706,     8.5,     8.0,    10.6,    19.1,    58.9,    60.7,   29.6,  0.00586,      0,      0,       0,       0,       0,       0
total,         83397,    2816,    2816,    3774,     8.4,     7.9,    10.1,    19.5,    72.2,    73.5,   30.6,  0.00572,      0,      0,       0,       0,       0,       0
total,         83452,    2516,    2516,    3796,     9.4,     9.3,    12.5,    14.5,    14.5,    14.5,   30.6,  0.00555,      0,      0,       0,       0,       0,       0


Results:
op rate                   : 2723 [insert:2723]
partition rate            : 2723 [insert:2723]
row rate                  : 3726 [insert:3726]
latency mean              : 8.6 [insert:8.6]
latency median            : 8.0 [insert:8.0]
latency 95th percentile   : 10.3 [insert:10.3]
latency 99th percentile   : 17.7 [insert:17.7]
latency 99.9th percentile : 83.4 [insert:83.4]
latency max               : 329.3 [insert:329.3]
Total partitions          : 83452 [insert:83452]
Total errors              : 0 [insert:0]
total gc count            : 0
total gc mb               : 0
total gc time (s)         : 0
avg gc time(ms)           : NaN
stdev gc time(ms)         : 0
Total operation time      : 00:00:30
Improvement over 16 threadCount: 0%
Sleeping for 15s
Running with 36 threadCount
Running [insert] with 36 threads until stderr of mean < 0.02
type,      total ops,    op/s,    pk/s,   row/s,    mean,     med,     .95,     .99,    .999,     max,   time,   stderr, errors,  gc: #,  max ms,  sum ms,  sdv ms,      mb
total,          2813,    2813,    2813,    3863,    12.5,    12.3,    14.5,    36.0,    43.8,    45.2,    1.0,  0.00000,      0,      0,       0,       0,       0,       0
total,          5683,    2830,    2830,    3858,    12.5,    12.3,    14.3,    26.1,    45.4,    49.2,    2.0,  0.00040,      0,      0,       0,       0,       0,       0
total,          8180,    2459,    2459,    3407,    14.3,    12.3,    16.1,   131.1,   137.8,   142.1,    3.0,  0.03329,      0,      0,       0,       0,       0,       0
total,         10981,    2756,    2756,    3799,    12.8,    12.3,    15.1,    42.7,    60.4,    63.7,    4.0,  0.02722,      0,      0,       0,       0,       0,       0
total,         13865,    2845,    2845,    3859,    12.5,    12.1,    14.6,    39.6,    58.7,    59.6,    5.1,  0.02217,      0,      0,       0,       0,       0,       0
total,         16611,    2706,    2706,    3704,    13.1,    12.1,    15.7,    57.8,    70.3,    72.8,    6.1,  0.01878,      0,      0,       0,       0,       0,       0
total,         19452,    2791,    2791,    3787,    12.7,    12.0,    15.4,    48.5,    63.1,    63.9,    7.1,  0.01672,      0,      0,       0,       0,       0,       0
total,         22387,    2870,    2870,    3939,    12.3,    12.3,    14.6,    18.0,    24.2,    25.6,    8.1,  0.01529,      0,      0,       0,       0,       0,       0
total,         25102,    2654,    2654,    3596,    13.3,    12.2,    15.2,    59.1,    77.5,    81.4,    9.1,  0.01486,      0,      0,       0,       0,       0,       0
total,         28018,    2874,    2874,    3940,    12.4,    12.2,    14.4,    19.0,    27.0,    28.1,   10.2,  0.01389,      0,      0,       0,       0,       0,       0
total,         30791,    2732,    2732,    3740,    13.0,    12.1,    15.3,    55.2,    75.2,    79.1,   11.2,  0.01271,      0,      0,       0,       0,       0,       0
total,         33710,    2872,    2872,    3918,    12.3,    12.2,    14.7,    20.3,    26.9,    29.3,   12.2,  0.01191,      0,      0,       0,       0,       0,       0
total,         36431,    2678,    2678,    3718,    13.2,    12.4,    15.9,    47.4,    72.4,    75.7,   13.2,  0.01114,      0,      0,       0,       0,       0,       0
total,         39387,    2908,    2908,    3941,    12.2,    12.0,    14.5,    21.5,    30.2,    32.9,   14.2,  0.01064,      0,      0,       0,       0,       0,       0
total,         42116,    2688,    2688,    3721,    13.2,    12.3,    16.4,    57.6,    67.0,    68.4,   15.2,  0.01005,      0,      0,       0,       0,       0,       0
total,         44993,    2828,    2828,    3911,    12.5,    12.4,    15.2,    21.1,    29.7,    30.1,   16.2,  0.00957,      0,      0,       0,       0,       0,       0
total,         47710,    2666,    2666,    3690,    13.2,    12.4,    15.4,    50.1,    62.3,    64.9,   17.3,  0.00919,      0,      0,       0,       0,       0,       0
total,         50661,    2919,    2919,    3947,    12.2,    12.1,    14.7,    24.8,    46.7,    50.4,   18.3,  0.00891,      0,      0,       0,       0,       0,       0
total,         53385,    2674,    2674,    3726,    13.3,    12.3,    18.3,    58.1,    69.4,    69.6,   19.3,  0.00852,      0,      0,       0,       0,       0,       0
total,         56283,    2834,    2834,    3930,    12.5,    12.4,    15.2,    20.9,    26.0,    27.6,   20.3,  0.00824,      0,      0,       0,       0,       0,       0
total,         59134,    2804,    2804,    3830,    12.6,    12.1,    15.2,    39.1,    62.1,    65.2,   21.3,  0.00785,      0,      0,       0,       0,       0,       0
total,         61927,    2747,    2747,    3764,    12.9,    12.1,    16.1,    52.1,    75.4,    77.7,   22.4,  0.00758,      0,      0,       0,       0,       0,       0
total,         64300,    2333,    2333,    3125,    15.2,    11.8,    19.6,   193.5,   211.5,   215.9,   23.4,  0.00731,      0,      0,       0,       0,       0,       0
total,         67151,    2648,    2648,    3651,    13.3,    12.2,    16.8,    60.7,    71.8,    72.9,   24.4,  0.00723,      0,      0,       0,       0,       0,       0
total,         69722,    2732,    2732,    3697,    12.2,    11.5,    14.7,    75.0,   178.1,   182.6,   25.4,  0.00704,      0,      0,       0,       0,       0,       0
total,         71584,    1327,    1327,    1853,    28.1,    11.8,    24.1,   477.8,   529.3,   532.3,   26.8,  0.02090,      0,      0,       0,       0,       0,       0
total,         74539,    2902,    2902,    3941,    12.1,    12.1,    14.6,    21.5,    25.9,    26.1,   27.8,  0.02019,      0,      0,       0,       0,       0,       0
total,         77205,    2621,    2621,    3594,    13.5,    12.1,    20.2,    66.5,    73.3,    74.8,   28.8,  0.01954,      0,      0,       0,       0,       0,       0
total,         80109,    2853,    2853,    3920,    12.4,    12.3,    15.0,    20.7,    25.0,    26.3,   29.8,  0.01891,      0,      0,       0,       0,       0,       0
total,         82796,    2636,    2636,    3637,    13.4,    12.3,    15.7,    63.3,    72.7,    74.8,   30.9,  0.01832,      0,      0,       0,       0,       0,       0


Results:
op rate                   : 2683 [insert:2683]
partition rate            : 2683 [insert:2683]
row rate                  : 3677 [insert:3677]
latency mean              : 13.2 [insert:13.2]
latency median            : 12.2 [insert:12.2]
latency 95th percentile   : 15.1 [insert:15.1]
latency 99th percentile   : 38.8 [insert:38.8]
latency 99.9th percentile : 110.7 [insert:110.7]
latency max               : 532.3 [insert:532.3]
Total partitions          : 82796 [insert:82796]
Total errors              : 0 [insert:0]
total gc count            : 0
total gc mb               : 0
total gc time (s)         : 0
avg gc time(ms)           : NaN
stdev gc time(ms)         : 0
Total operation time      : 00:00:30
Improvement over 24 threadCount: -2%
Sleeping for 15s
Running with 54 threadCount
Running [insert] with 54 threads until stderr of mean < 0.02
type,      total ops,    op/s,    pk/s,   row/s,    mean,     med,     .95,     .99,    .999,     max,   time,   stderr, errors,  gc: #,  max ms,  sum ms,  sdv ms,      mb
total,          2519,    2519,    2519,    3467,    21.2,    18.3,    25.9,   154.1,   165.7,   166.9,    1.0,  0.00000,      0,      0,       0,       0,       0,       0
total,          5421,    2832,    2832,    3910,    18.8,    18.3,    24.0,    56.0,    79.8,    81.3,    2.0,  0.04243,      0,      0,       0,       0,       0,       0
total,          8349,    2870,    2870,    3936,    18.6,    18.5,    21.1,    30.6,    43.6,    44.2,    3.0,  0.03293,      0,      0,       0,       0,       0,       0
total,         11208,    2801,    2801,    3845,    19.1,    18.4,    22.6,    63.9,    78.6,    83.9,    4.1,  0.02494,      0,      0,       0,       0,       0,       0
total,         14094,    2827,    2827,    3829,    18.9,    18.1,    23.6,    68.0,    86.3,    92.0,    5.1,  0.02000,      0,      0,       0,       0,       0,       0
total,         17047,    2886,    2886,    3912,    18.5,    18.4,    21.3,    25.6,    36.5,    36.9,    6.1,  0.01720,      0,      0,       0,       0,       0,       0
total,         19832,    2729,    2729,    3699,    19.5,    18.3,    25.6,    73.8,    95.4,   100.5,    7.1,  0.01536,      0,      0,       0,       0,       0,       0
total,         22817,    2916,    2916,    3952,    18.3,    18.3,    20.9,    26.4,    33.6,    35.1,    8.2,  0.01417,      0,      0,       0,       0,       0,       0
total,         25686,    2814,    2814,    3808,    19.0,    18.2,    24.0,    63.3,    77.8,    79.2,    9.2,  0.01260,      0,      0,       0,       0,       0,       0
total,         28620,    2868,    2868,    3939,    18.6,    18.6,    21.7,    30.9,    40.3,    46.1,   10.2,  0.01170,      0,      0,       0,       0,       0,       0
total,         31466,    2788,    2788,    3763,    19.2,    18.6,    22.7,    65.1,    75.8,    79.4,   11.2,  0.01076,      0,      0,       0,       0,       0,       0
total,         34417,    2837,    2837,    3898,    18.8,    18.4,    21.6,    49.6,    66.6,    70.2,   12.3,  0.00997,      0,      0,       0,       0,       0,       0
total,         37256,    2774,    2774,    3835,    19.3,    18.8,    22.6,    54.8,    78.1,    80.3,   13.3,  0.00920,      0,      0,       0,       0,       0,       0
total,         39310,    2009,    2009,    2753,    26.6,    18.1,    36.6,   335.9,   354.1,   360.0,   14.3,  0.00854,      0,      0,       0,       0,       0,       0
total,         42263,    2873,    2873,    3928,    18.5,    18.3,    21.7,    31.2,    37.0,    38.4,   15.3,  0.00813,      0,      0,       0,       0,       0,       0
total,         43783,    2687,    2687,    3630,    19.0,    18.4,    23.3,    65.5,    81.1,    82.7,   15.9,  0.00832,      0,      0,       0,       0,       0,       0
total,         46656,    1312,    1312,    1801,    41.4,    18.0,    31.2,  1203.3,  1259.2,  1260.0,   18.1,  0.00787,      0,      0,       0,       0,       0,       0
total,         49501,    2792,    2792,    3835,    19.1,    18.6,    22.8,    59.8,    74.6,    76.5,   19.1,  0.00743,      0,      0,       0,       0,       0,       0
total,         52386,    2819,    2819,    3870,    18.9,    18.3,    22.1,    57.6,    81.0,    82.9,   20.1,  0.00706,      0,      0,       0,       0,       0,       0
total,         55287,    2843,    2843,    3908,    18.8,    18.3,    25.2,    59.8,    69.2,    76.0,   21.1,  0.00677,      0,      0,       0,       0,       0,       0
total,         58216,    2862,    2862,    3944,    18.6,    18.4,    21.3,    30.4,    39.6,    42.4,   22.2,  0.00658,      0,      0,       0,       0,       0,       0
total,         61061,    2765,    2765,    3781,    19.3,    18.3,    27.0,    65.7,    76.5,    76.7,   23.2,  0.00632,      0,      0,       0,       0,       0,       0
total,         63999,    2854,    2854,    3878,    18.7,    18.4,    21.5,    40.3,    54.5,    64.6,   24.2,  0.00606,      0,      0,       0,       0,       0,       0
total,         66780,    2679,    2679,    3655,    19.5,    18.4,    26.7,    67.1,    89.2,    92.8,   25.3,  0.00613,      0,      0,       0,       0,       0,       0
total,         69804,    2861,    2861,    3967,    18.9,    18.6,    21.6,    33.9,    73.3,    79.4,   26.3,  0.00604,      0,      0,       0,       0,       0,       0
total,         72666,    2734,    2734,    3704,    19.5,    18.2,    24.0,    77.9,    95.8,    99.5,   27.4,  0.00596,      0,      0,       0,       0,       0,       0
total,         75146,    2732,    2732,    3752,    18.4,    17.9,    25.4,    71.1,   147.4,   152.5,   28.3,  0.00579,      0,      0,       0,       0,       0,       0
total,         75606,     233,     233,     336,   237.3,    18.0,  1015.7,  1094.1,  1110.2,  1110.2,   30.3,  0.03057,      0,      0,       0,       0,       0,       0
total,         78507,    2821,    2821,    3861,    18.9,    18.6,    22.4,    48.9,    63.4,    64.4,   31.3,  0.02951,      0,      0,       0,       0,       0,       0
total,         81355,    2782,    2782,    3803,    19.2,    18.5,    22.7,    67.3,    80.9,    94.9,   32.3,  0.02852,      0,      0,       0,       0,       0,       0
total,         83871,    2666,    2666,    3625,    17.5,    18.3,    22.6,    42.2,    63.4,    68.2,   33.2,  0.02764,      0,      0,       0,       0,       0,       0
total,         86833,    2263,    2263,    3144,    25.8,    18.3,    28.9,   417.5,   497.3,   500.6,   34.6,  0.02682,      0,      0,       0,       0,       0,       0
total,         89744,    2835,    2835,    3891,    18.8,    18.4,    22.8,    53.0,    73.4,    75.6,   35.6,  0.02600,      0,      0,       0,       0,       0,       0
total,         92594,    2766,    2766,    3822,    19.3,    18.8,    23.0,    54.3,    72.8,    74.3,   36.6,  0.02523,      0,      0,       0,       0,       0,       0
total,         95468,    2802,    2802,    3849,    19.1,    18.7,    22.0,    58.6,    75.5,    77.4,   37.6,  0.02450,      0,      0,       0,       0,       0,       0
total,         98385,    2851,    2851,    3831,    18.7,    18.2,    21.1,    56.5,    76.9,    82.6,   38.7,  0.02381,      0,      0,       0,       0,       0,       0
total,        101309,    2856,    2856,    3892,    18.7,    18.5,    21.1,    37.7,    56.9,    58.9,   39.7,  0.02317,      0,      0,       0,       0,       0,       0
total,        103692,    2204,    2204,    2992,    24.3,    18.2,    52.2,   277.9,   319.4,   331.7,   40.8,  0.02258,      0,      0,       0,       0,       0,       0
total,        106409,    2804,    2804,    3856,    18.5,    18.6,    21.4,    27.8,    34.9,    38.3,   41.7,  0.02200,      0,      0,       0,       0,       0,       0
total,        109396,    1218,    1218,    1639,    44.6,    17.6,    31.3,  1464.4,  1511.0,  1512.5,   44.2,  0.02145,      0,      0,       0,       0,       0,       0
total,        112553,    1894,    1894,    2534,    28.3,    17.7,    33.7,   597.8,   658.5,   665.8,   45.9,  0.02093,      0,      0,       0,       0,       0,       0
total,        115394,    2762,    2762,    3762,    19.4,    18.7,    22.7,    63.0,    81.6,    84.3,   46.9,  0.02043,      0,      0,       0,       0,       0,       0
total,        118303,    2839,    2839,    3880,    18.7,    18.5,    22.1,    40.2,    70.1,    74.2,   47.9,  0.01995,      0,      0,       0,       0,       0,       0
total,        118415,    2995,    2995,    4118,    18.7,    18.4,    21.6,    25.3,    29.7,    29.7,   47.9,  0.01958,      0,      0,       0,       0,       0,       0


Results:
op rate                   : 2470 [insert:2470]
partition rate            : 2470 [insert:2470]
row rate                  : 3375 [insert:3375]
latency mean              : 21.6 [insert:21.6]
latency median            : 18.4 [insert:18.4]
latency 95th percentile   : 22.4 [insert:22.4]
latency 99th percentile   : 56.6 [insert:56.6]
latency 99.9th percentile : 884.9 [insert:884.9]
latency max               : 1512.5 [insert:1512.5]
Total partitions          : 118415 [insert:118415]
Total errors              : 0 [insert:0]
total gc count            : 0
total gc mb               : 0
total gc time (s)         : 0
avg gc time(ms)           : NaN
stdev gc time(ms)         : 0
Total operation time      : 00:00:47
Improvement over 36 threadCount: -8%
Sleeping for 15s
            id, type,      total ops,    op/s,    pk/s,   row/s,    mean,     med,     .95,     .99,    .999,     max,   time,   stderr, errors,  gc: #,  max ms,  sum ms,  sdv ms,      mb
 4 threadCount, insert,        60519,    1945,    1945,    2657,     1.9,     1.5,     2.8,     4.3,    55.7,  1045.9,   31.1,  0.00862,      0,      0,       0,       0,       0,       0
 4 threadCount, total,         60519,    1945,    1945,    2657,     1.9,     1.5,     2.8,     4.3,    55.7,  1045.9,   31.1,  0.00862,      0,      0,       0,       0,       0,       0
 8 threadCount, insert,        80567,    2666,    2666,    3650,     2.8,     2.5,     3.9,     5.4,    54.1,   214.0,   30.2,  0.00513,      0,      0,       0,       0,       0,       0
 8 threadCount, total,         80567,    2666,    2666,    3650,     2.8,     2.5,     3.9,     5.4,    54.1,   214.0,   30.2,  0.00513,      0,      0,       0,       0,       0,       0
16 threadCount, insert,        82865,    2720,    2720,    3724,     5.7,     5.3,     7.0,    10.0,    79.6,   185.7,   30.5,  0.00541,      0,      0,       0,       0,       0,       0
16 threadCount, total,         82865,    2720,    2720,    3724,     5.7,     5.3,     7.0,    10.0,    79.6,   185.7,   30.5,  0.00541,      0,      0,       0,       0,       0,       0
24 threadCount, insert,        83452,    2723,    2723,    3726,     8.6,     8.0,    10.3,    17.7,    83.4,   329.3,   30.6,  0.00555,      0,      0,       0,       0,       0,       0
24 threadCount, total,         83452,    2723,    2723,    3726,     8.6,     8.0,    10.3,    17.7,    83.4,   329.3,   30.6,  0.00555,      0,      0,       0,       0,       0,       0
36 threadCount, insert,        82796,    2683,    2683,    3677,    13.2,    12.2,    15.1,    38.8,   110.7,   532.3,   30.9,  0.01832,      0,      0,       0,       0,       0,       0
36 threadCount, total,         82796,    2683,    2683,    3677,    13.2,    12.2,    15.1,    38.8,   110.7,   532.3,   30.9,  0.01832,      0,      0,       0,       0,       0,       0
54 threadCount, insert,       118415,    2470,    2470,    3375,    21.6,    18.4,    22.4,    56.6,   884.9,  1512.5,   47.9,  0.01958,      0,      0,       0,       0,       0,       0
54 threadCount, total,        118415,    2470,    2470,    3375,    21.6,    18.4,    22.4,    56.6,   884.9,  1512.5,   47.9,  0.01958,      0,      0,       0,       0,       0,       0
END
