INFO  22:48:43 Did not find Netty's native epoll transport in the classpath, defaulting to NIO.
INFO  22:48:43 Using data-center name 'datacenter1' for DCAwareRoundRobinPolicy (if this is incorrect, please provide the correct datacenter name with DCAwareRoundRobinPolicy constructor)
INFO  22:48:43 New Cassandra host /192.168.2.54:9042 added
Connected to cluster: MalungoCluster
Datatacenter: datacenter1; Host: /192.168.2.54; Rack: rack1
Created schema. Sleeping 1s for propagation.
Sleeping 2s...
Warming up insert with 50000 iterations...
Generating batches with [1..1] partitions and [1..1] rows (of [1000..1000] total rows in the partitions)
WARNING: uncertainty mode (err<) results in uneven workload between thread runs, so should be used for high level analysis only
Running with 4 threadCount
Running [insert] with 4 threads until stderr of mean < 0.02
type,      total ops,    op/s,    pk/s,   row/s,    mean,     med,     .95,     .99,    .999,     max,   time,   stderr, errors,  gc: #,  max ms,  sum ms,  sdv ms,      mb
total,          1064,    1066,    1066,    1458,     3.6,     3.1,     7.0,    11.5,    17.1,    17.9,    1.0,  0.00000,      0,      0,       0,       0,       0,       0
total,          2182,    1111,    1111,    1515,     3.4,     3.0,     6.7,     9.0,    14.1,    16.2,    2.0,  0.01346,      0,      0,       0,       0,       0,       0
total,          3097,     910,     910,    1255,     4.1,     3.0,     7.1,    14.1,   138.5,   138.5,    3.0,  0.01247,      0,      0,       0,       0,       0,       0
total,          4288,    1187,    1187,    1606,     3.2,     2.8,     5.7,     8.2,    13.0,    16.9,    4.0,  0.02143,      0,      0,       0,       0,       0,       0
total,          5454,    1161,    1161,    1579,     3.2,     2.9,     5.8,     7.4,    11.2,    13.0,    5.0,  0.01910,      0,      0,       0,       0,       0,       0
total,          6527,    1068,    1068,    1513,     3.6,     2.9,     6.8,    17.9,    31.6,    34.9,    6.0,  0.01636,      0,      0,       0,       0,       0,       0
total,          7630,    1096,    1096,    1480,     3.5,     2.7,     7.4,    13.0,    29.5,    30.5,    7.0,  0.01404,      0,      0,       0,       0,       0,       0
total,          8774,    1160,    1160,    1611,     3.3,     2.9,     5.8,    10.5,    16.2,    17.0,    8.0,  0.01472,      0,      0,       0,       0,       0,       0
total,          9902,    1090,    1090,    1497,     3.5,     2.7,     5.5,     8.1,   119.3,   119.6,    9.0,  0.01541,      0,      0,       0,       0,       0,       0
total,         11173,    1265,    1265,    1749,     3.0,     2.7,     5.4,     6.4,    10.0,    10.1,   10.1,  0.01812,      0,      0,       0,       0,       0,       0
total,         12417,    1236,    1236,    1724,     3.1,     2.7,     5.4,     7.9,    31.4,    31.4,   11.1,  0.01978,      0,      0,       0,       0,       0,       0
total,         13677,    1256,    1256,    1775,     3.0,     2.6,     6.1,     9.3,    15.6,    17.8,   12.1,  0.02062,      0,      0,       0,       0,       0,       0
total,         14928,    1245,    1245,    1712,     3.0,     2.5,     5.7,    10.2,    34.4,    34.5,   13.1,  0.01952,      0,      0,       0,       0,       0,       0
total,         16128,    1194,    1194,    1623,     3.2,     2.4,     5.2,     7.2,   123.0,   123.5,   14.1,  0.02035,      0,      0,       0,       0,       0,       0
total,         17464,    1330,    1330,    1768,     2.8,     2.3,     5.1,    10.4,    34.5,    35.6,   15.1,  0.02032,      0,      0,       0,       0,       0,       0
total,         18865,    1396,    1396,    1918,     2.7,     2.3,     5.0,     7.1,    15.9,    16.2,   16.1,  0.02165,      0,      0,       0,       0,       0,       0
total,         20192,    1323,    1323,    1775,     2.8,     2.4,     4.9,     9.5,    36.4,    37.4,   17.1,  0.02065,      0,      0,       0,       0,       0,       0
total,         21562,    1416,    1416,    1961,     2.6,     2.3,     4.7,     6.2,    11.3,    13.3,   18.1,  0.02144,      0,      0,       0,       0,       0,       0
total,         22433,    1202,    1202,    1642,     3.1,     2.2,     4.9,     8.0,   125.3,   125.3,   18.8,  0.02199,      0,      0,       0,       0,       0,       0
total,         24225,     237,     237,     328,    16.7,     1.6,     3.5,    32.3,  2530.1,  6554.1,   26.3,  0.04641,      0,      0,       0,       0,       0,       0
total,         26109,    1876,    1876,    2559,     1.9,     1.6,     3.7,     5.4,    35.3,    35.6,   27.3,  0.05120,      0,      0,       0,       0,       0,       0
total,         28200,    2081,    2081,    2876,     1.7,     1.5,     3.0,     5.1,    13.9,    14.6,   28.3,  0.05683,      0,      0,       0,       0,       0,       0
total,         29804,    1596,    1596,    2204,     2.3,     1.5,     2.9,     7.7,   167.0,   167.7,   29.3,  0.05734,      0,      0,       0,       0,       0,       0
total,         31879,    2067,    2067,    2842,     1.7,     1.5,     2.8,     4.6,    34.7,    35.8,   30.4,  0.05948,      0,      0,       0,       0,       0,       0
total,         33816,    1930,    1930,    2613,     1.9,     1.7,     3.4,     4.0,     6.4,     6.4,   31.4,  0.05861,      0,      0,       0,       0,       0,       0
total,         35521,    1697,    1697,    2299,     2.2,     1.6,     3.5,     6.4,    86.9,    89.1,   32.4,  0.05713,      0,      0,       0,       0,       0,       0
total,         37378,    1833,    1833,    2494,     2.0,     1.6,     3.6,     6.7,    32.6,    35.0,   33.4,  0.05585,      0,      0,       0,       0,       0,       0
total,         39321,    1929,    1929,    2618,     1.9,     1.5,     3.2,     4.9,    57.2,    57.4,   34.4,  0.05526,      0,      0,       0,       0,       0,       0
total,         41276,    1943,    1943,    2649,     1.8,     1.5,     2.9,     3.7,    62.5,    64.5,   35.4,  0.05464,      0,      0,       0,       0,       0,       0
total,         43408,    2119,    2119,    2906,     1.7,     1.5,     2.8,     3.4,    37.9,    39.7,   36.4,  0.05464,      0,      0,       0,       0,       0,       0
total,         45319,    1900,    1900,    2651,     1.9,     1.5,     2.8,     4.2,    60.9,    61.5,   37.4,  0.05330,      0,      0,       0,       0,       0,       0
total,         47488,    2152,    2152,    2960,     1.7,     1.5,     2.9,     3.7,     5.2,    14.4,   38.4,  0.05280,      0,      0,       0,       0,       0,       0
total,         49298,    1799,    1799,    2504,     2.0,     1.6,     3.4,     8.8,    63.0,    69.2,   39.4,  0.05149,      0,      0,       0,       0,       0,       0
total,         51258,    1949,    1949,    2687,     1.9,     1.5,     3.0,     4.0,    55.7,    56.3,   40.4,  0.05056,      0,      0,       0,       0,       0,       0
total,         51861,    2142,    2142,    2880,     1.7,     1.4,     2.9,     4.7,     9.0,     9.0,   40.7,  0.04983,      0,      0,       0,       0,       0,       0
total,         53963,     907,     907,    1265,     4.2,     1.4,     2.7,     3.9,  1316.5,  1319.6,   43.0,  0.04902,      0,      0,       0,       0,       0,       0
total,         56227,    2251,    2251,    3087,     1.6,     1.4,     2.6,     3.3,    18.7,    19.9,   44.0,  0.04855,      0,      0,       0,       0,       0,       0
total,         58470,    2227,    2227,    3053,     1.6,     1.4,     2.6,     3.3,    19.5,    20.6,   45.0,  0.04805,      0,      0,       0,       0,       0,       0
total,         60283,    1800,    1800,    2492,     2.0,     1.5,     3.0,     6.0,    94.2,    95.0,   46.0,  0.04695,      0,      0,       0,       0,       0,       0
total,         62319,    2024,    2024,    2833,     1.8,     1.6,     3.1,     4.7,    18.4,    19.1,   47.0,  0.04598,      0,      0,       0,       0,       0,       0
total,         64266,    1937,    1937,    2626,     1.9,     1.5,     2.7,     9.0,    61.4,    61.5,   48.0,  0.04500,      0,      0,       0,       0,       0,       0
total,         66105,    1826,    1826,    2508,     2.0,     1.8,     3.6,     5.0,    10.1,    10.1,   49.1,  0.04390,      0,      0,       0,       0,       0,       0
total,         68056,    1928,    1928,    2604,     1.9,     1.6,     3.2,     4.2,    18.2,    19.3,   50.1,  0.04288,      0,      0,       0,       0,       0,       0
total,         69724,    1658,    1658,    2247,     2.2,     1.7,     3.9,     5.9,    77.6,    77.6,   51.1,  0.04187,      0,      0,       0,       0,       0,       0
total,         71492,    1758,    1758,    2437,     2.1,     1.8,     3.5,     4.9,    45.0,    52.3,   52.1,  0.04092,      0,      0,       0,       0,       0,       0
total,         73529,    2025,    2025,    2772,     1.8,     1.6,     3.0,     3.8,    20.1,    21.2,   53.1,  0.04017,      0,      0,       0,       0,       0,       0
total,         75440,    1855,    1855,    2566,     2.0,     1.6,     3.2,     5.4,    51.5,    52.1,   54.1,  0.03935,      0,      0,       0,       0,       0,       0
total,         77319,    2103,    2103,    2830,     1.7,     1.4,     2.7,     3.6,    54.8,    55.2,   55.0,  0.03865,      0,      0,       0,       0,       0,       0
total,         79273,    1273,    1273,    1744,     3.0,     1.5,     3.0,     4.7,   533.1,   587.4,   56.5,  0.03788,      0,      0,       0,       0,       0,       0
total,         81318,    2034,    2034,    2781,     1.8,     1.4,     2.8,     3.9,    55.8,    56.5,   57.5,  0.03732,      0,      0,       0,       0,       0,       0
total,         83506,    2174,    2174,    2921,     1.6,     1.5,     2.7,     3.5,    18.5,    19.6,   58.6,  0.03680,      0,      0,       0,       0,       0,       0
total,         85590,    2071,    2071,    2838,     1.7,     1.5,     2.7,     3.4,    61.0,    62.6,   59.6,  0.03633,      0,      0,       0,       0,       0,       0
total,         87003,    1404,    1404,    1932,     2.6,     1.5,     2.7,     3.6,   360.7,   363.1,   60.6,  0.03583,      0,      0,       0,       0,       0,       0
total,         89069,    2196,    2196,    2994,     1.6,     1.4,     2.6,     3.7,    20.3,    21.1,   61.5,  0.03534,      0,      0,       0,       0,       0,       0
total,         91287,    2057,    2057,    2825,     1.7,     1.5,     2.7,     3.5,    74.6,    75.6,   62.6,  0.03489,      0,      0,       0,       0,       0,       0
total,         93277,    1978,    1978,    2741,     1.8,     1.5,     2.9,     4.3,    58.3,    59.1,   63.6,  0.03435,      0,      0,       0,       0,       0,       0
total,         95411,    2119,    2119,    2910,     1.7,     1.5,     2.8,     3.6,    18.2,    18.9,   64.6,  0.03384,      0,      0,       0,       0,       0,       0
total,         97339,    1915,    1915,    2621,     1.9,     1.6,     3.0,     3.7,    59.4,    60.7,   65.6,  0.03328,      0,      0,       0,       0,       0,       0
total,         99352,    1960,    1960,    2705,     1.8,     1.5,     3.0,     4.4,    44.9,    47.9,   66.6,  0.03275,      0,      0,       0,       0,       0,       0
total,        101496,    2131,    2131,    2951,     1.7,     1.5,     2.7,     3.7,    24.7,    25.3,   67.6,  0.03234,      0,      0,       0,       0,       0,       0
total,        103490,    1982,    1982,    2715,     1.8,     1.5,     2.8,     5.2,    61.0,    62.0,   68.6,  0.03186,      0,      0,       0,       0,       0,       0
total,        105652,    2157,    2157,    2985,     1.7,     1.5,     2.7,     3.5,     8.1,     9.2,   69.6,  0.03146,      0,      0,       0,       0,       0,       0
total,        107759,    1980,    1980,    2712,     1.8,     1.5,     2.9,     4.1,    60.0,    60.7,   70.7,  0.03100,      0,      0,       0,       0,       0,       0
total,        109717,    1959,    1959,    2697,     1.8,     1.5,     2.9,     4.6,    61.3,    61.5,   71.7,  0.03055,      0,      0,       0,       0,       0,       0
total,        111865,     946,     946,    1316,     4.0,     1.5,     2.8,     3.7,  1288.2,  1289.2,   74.0,  0.03019,      0,      0,       0,       0,       0,       0
total,        113833,    1922,    1922,    2610,     1.9,     1.5,     2.9,     4.0,    56.1,    56.2,   75.0,  0.02974,      0,      0,       0,       0,       0,       0
total,        116017,    2174,    2174,    3013,     1.6,     1.5,     2.7,     3.3,    20.1,    21.2,   76.0,  0.02938,      0,      0,       0,       0,       0,       0
total,        118072,    2041,    2041,    2838,     1.8,     1.5,     2.6,     3.8,    66.3,    68.5,   77.0,  0.02904,      0,      0,       0,       0,       0,       0
total,        119949,    1869,    1869,    2595,     1.9,     1.5,     3.6,     7.6,    33.3,    38.1,   78.0,  0.02861,      0,      0,       0,       0,       0,       0
total,        121706,    1731,    1731,    2409,     2.1,     1.6,     3.6,     9.8,    63.0,    65.1,   79.0,  0.02819,      0,      0,       0,       0,       0,       0
total,        123921,    2199,    2199,    3023,     1.6,     1.5,     2.6,     3.4,     9.4,    25.7,   80.0,  0.02788,      0,      0,       0,       0,       0,       0
total,        125587,    1656,    1656,    2263,     2.2,     1.4,     2.7,     3.7,   267.3,   267.6,   81.0,  0.02758,      0,      0,       0,       0,       0,       0
total,        127464,    1865,    1865,    2522,     1.9,     1.5,     3.1,     7.2,    87.9,    87.9,   82.1,  0.02720,      0,      0,       0,       0,       0,       0
total,        129548,    2073,    2073,    2814,     1.7,     1.5,     3.1,     4.7,     6.9,     9.0,   83.1,  0.02684,      0,      0,       0,       0,       0,       0
total,        131615,    2056,    2056,    2767,     1.7,     1.5,     2.8,     3.6,    45.5,    46.0,   84.1,  0.02651,      0,      0,       0,       0,       0,       0
total,        133643,    2015,    2015,    2743,     1.8,     1.5,     2.7,     3.7,    61.1,    62.3,   85.1,  0.02619,      0,      0,       0,       0,       0,       0
total,        135790,    2165,    2165,    2984,     1.6,     1.5,     2.9,     3.7,     4.6,     4.8,   86.1,  0.02589,      0,      0,       0,       0,       0,       0
total,        137845,    1996,    1996,    2721,     1.8,     1.5,     2.8,     3.8,    67.3,    68.2,   87.1,  0.02559,      0,      0,       0,       0,       0,       0
total,        139974,    2116,    2116,    2880,     1.7,     1.5,     2.8,     3.7,    20.3,    22.0,   88.1,  0.02528,      0,      0,       0,       0,       0,       0
total,        141988,    2003,    2003,    2667,     1.8,     1.5,     2.8,     3.8,    63.7,    64.5,   89.1,  0.02497,      0,      0,       0,       0,       0,       0
total,        143981,    1982,    1982,    2750,     1.8,     1.5,     2.9,     3.7,    72.8,    73.1,   90.1,  0.02470,      0,      0,       0,       0,       0,       0
total,        144122,    1045,    1045,    1372,     3.6,     1.5,     3.7,    68.0,    68.1,    68.1,   90.2,  0.02439,      0,      0,       0,       0,       0,       0
total,        146282,    1040,    1040,    1412,     3.6,     1.5,     2.8,     3.9,  1071.9,  1077.6,   92.3,  0.02412,      0,      0,       0,       0,       0,       0
total,        148519,    2125,    2125,    2910,     1.7,     1.4,     2.6,     3.6,    49.0,    52.8,   93.4,  0.02389,      0,      0,       0,       0,       0,       0
total,        150843,    2311,    2311,    3123,     1.5,     1.4,     2.5,     3.1,     4.6,    11.5,   94.4,  0.02369,      0,      0,       0,       0,       0,       0
total,        152068,    1218,    1218,    1643,     3.1,     1.4,     2.6,     5.1,   382.4,   385.8,   95.4,  0.02341,      0,      0,       0,       0,       0,       0
total,        153334,    1258,    1258,    1733,     3.0,     1.5,     2.6,     3.7,   371.6,   373.5,   96.4,  0.02314,      0,      0,       0,       0,       0,       0
total,        155375,    2029,    2029,    2780,     1.8,     1.5,     3.1,     4.6,    20.7,    22.5,   97.4,  0.02288,      0,      0,       0,       0,       0,       0
total,        157422,    2036,    2036,    2771,     1.8,     1.5,     2.7,     3.5,    56.2,    56.7,   98.4,  0.02264,      0,      0,       0,       0,       0,       0
total,        159575,    2139,    2139,    2965,     1.7,     1.5,     2.8,     3.6,     5.8,     7.6,   99.4,  0.02242,      0,      0,       0,       0,       0,       0
total,        161606,    2018,    2018,    2769,     1.8,     1.5,     2.7,     3.4,    56.2,    57.6,  100.4,  0.02219,      0,      0,       0,       0,       0,       0
total,        163589,    1970,    1970,    2764,     1.8,     1.5,     2.8,     3.7,    56.4,    57.1,  101.4,  0.02196,      0,      0,       0,       0,       0,       0
total,        165790,    2189,    2189,    3005,     1.6,     1.5,     2.7,     3.5,     5.0,     5.7,  102.4,  0.02176,      0,      0,       0,       0,       0,       0
total,        167774,    1974,    1974,    2760,     1.8,     1.5,     2.8,     3.8,    57.8,    59.3,  103.4,  0.02154,      0,      0,       0,       0,       0,       0
total,        169579,    1793,    1793,    2444,     2.0,     1.6,     3.3,     5.5,    58.7,    59.6,  104.4,  0.02132,      0,      0,       0,       0,       0,       0
total,        171724,    2133,    2133,    2942,     1.7,     1.5,     2.7,     3.7,     7.3,     9.4,  105.4,  0.02111,      0,      0,       0,       0,       0,       0
total,        173838,    2102,    2102,    2858,     1.7,     1.4,     2.7,     3.5,    46.8,    50.7,  106.5,  0.02092,      0,      0,       0,       0,       0,       0
total,        176101,    2250,    2250,    3076,     1.6,     1.4,     2.5,     3.3,    24.6,    25.5,  107.5,  0.02075,      0,      0,       0,       0,       0,       0
total,        176472,    2120,    2120,    3011,     1.6,     1.5,     2.6,     3.3,     3.9,     3.9,  107.6,  0.02057,      0,      0,       0,       0,       0,       0
total,        178498,     940,     940,    1300,     4.1,     1.4,     2.7,     3.9,  1231.1,  1236.0,  109.8,  0.02039,      0,      0,       0,       0,       0,       0
total,        180581,    1914,    1914,    2606,     1.9,     1.5,     3.0,     4.6,    84.6,    87.4,  110.9,  0.02019,      0,      0,       0,       0,       0,       0
total,        182665,    2072,    2072,    2778,     1.7,     1.4,     2.8,     3.8,    46.6,    47.2,  111.9,  0.02000,      0,      0,       0,       0,       0,       0
total,        184755,    2089,    2089,    2903,     1.7,     1.5,     2.9,     3.8,    23.3,    25.3,  112.9,  0.01982,      0,      0,       0,       0,       0,       0


Results:
op rate                   : 1637 [insert:1637]
partition rate            : 1637 [insert:1637]
row rate                  : 2245 [insert:2245]
latency mean              : 2.2 [insert:2.2]
latency median            : 1.6 [insert:1.6]
latency 95th percentile   : 3.4 [insert:3.4]
latency 99th percentile   : 5.5 [insert:5.5]
latency 99.9th percentile : 30.5 [insert:30.5]
latency max               : 6554.1 [insert:6554.1]
Total partitions          : 184755 [insert:184755]
Total errors              : 0 [insert:0]
total gc count            : 0
total gc mb               : 0
total gc time (s)         : 0
avg gc time(ms)           : NaN
stdev gc time(ms)         : 0
Total operation time      : 00:01:52
Sleeping for 15s
Running with 8 threadCount
Running [insert] with 8 threads until stderr of mean < 0.02
type,      total ops,    op/s,    pk/s,   row/s,    mean,     med,     .95,     .99,    .999,     max,   time,   stderr, errors,  gc: #,  max ms,  sum ms,  sdv ms,      mb
total,          2399,    2400,    2400,    3329,     3.1,     2.6,     4.3,     5.8,   135.8,   136.2,    1.0,  0.00000,      0,      0,       0,       0,       0,       0
total,          5139,    2731,    2731,    3765,     2.7,     2.5,     4.1,     6.5,    33.2,    34.8,    2.0,  0.05471,      0,      0,       0,       0,       0,       0
total,          7690,    2538,    2538,    3478,     2.9,     2.5,     4.9,     8.8,    67.2,    67.3,    3.0,  0.03699,      0,      0,       0,       0,       0,       0
total,         10272,    2569,    2569,    3497,     2.9,     2.5,     4.7,     9.3,    63.6,    64.2,    4.0,  0.02800,      0,      0,       0,       0,       0,       0
total,         13062,    2777,    2777,    3828,     2.7,     2.5,     4.3,     6.0,    10.2,    12.7,    5.0,  0.02357,      0,      0,       0,       0,       0,       0
total,         15767,    2690,    2690,    3556,     2.8,     2.4,     4.1,     9.2,    60.2,    60.2,    6.0,  0.01981,      0,      0,       0,       0,       0,       0
total,         18405,    2628,    2628,    3592,     2.8,     2.5,     4.1,     6.2,    68.7,    69.0,    7.0,  0.01758,      0,      0,       0,       0,       0,       0
total,         21243,    2819,    2819,    3854,     2.6,     2.5,     4.0,     5.0,    14.7,    16.7,    8.0,  0.01581,      0,      0,       0,       0,       0,       0
total,         23193,    2660,    2660,    3611,     2.8,     2.5,     3.8,     4.7,    63.4,    64.0,    8.8,  0.01501,      0,      0,       0,       0,       0,       0
total,         25961,    1279,    1279,    1781,     6.0,     2.5,     4.0,     6.6,  1171.2,  1172.4,   10.9,  0.01361,      0,      0,       0,       0,       0,       0
total,         28497,    2519,    2519,    3479,     3.0,     2.5,     4.5,     9.9,    82.9,    83.6,   11.9,  0.01237,      0,      0,       0,       0,       0,       0
total,         31178,    2656,    2656,    3645,     2.8,     2.5,     4.1,     5.7,    67.0,    67.5,   12.9,  0.01141,      0,      0,       0,       0,       0,       0
total,         33899,    2866,    2866,    3805,     2.6,     2.4,     4.0,     5.2,    16.9,    19.0,   13.9,  0.01053,      0,      0,       0,       0,       0,       0
total,         36593,    2523,    2523,    3431,     3.0,     2.5,     5.0,     9.1,    67.0,    67.8,   15.0,  0.01010,      0,      0,       0,       0,       0,       0
total,         39271,    2657,    2657,    3600,     2.8,     2.5,     4.2,     7.8,    58.9,    59.5,   16.0,  0.00943,      0,      0,       0,       0,       0,       0
total,         39949,    2563,    2563,    3569,     2.8,     2.6,     4.0,    19.5,    22.8,    22.8,   16.2,  0.00946,      0,      0,       0,       0,       0,       0
total,         42552,    1439,    1439,    1993,     5.4,     2.5,     4.6,     9.8,   815.6,   816.7,   18.0,  0.00958,      0,      0,       0,       0,       0,       0
total,         45231,    2613,    2613,    3536,     2.8,     2.5,     4.1,     7.6,    57.7,    58.4,   19.1,  0.00905,      0,      0,       0,       0,       0,       0
total,         47879,    2627,    2627,    3567,     2.8,     2.5,     4.1,     5.9,    70.1,    71.4,   20.1,  0.00863,      0,      0,       0,       0,       0,       0
total,         50727,    2825,    2825,    3836,     2.6,     2.5,     4.0,     5.2,    19.9,    21.9,   21.1,  0.00826,      0,      0,       0,       0,       0,       0
total,         53417,    2669,    2669,    3579,     2.8,     2.4,     3.8,     5.8,    78.0,    78.7,   22.1,  0.00799,      0,      0,       0,       0,       0,       0
total,         56273,    2834,    2834,    3832,     2.6,     2.5,     3.9,     5.8,    20.9,    21.6,   23.1,  0.00780,      0,      0,       0,       0,       0,       0
total,         58462,    2173,    2173,    2995,     3.5,     2.5,     5.8,    19.2,   116.5,   125.1,   24.1,  0.00904,      0,      0,       0,       0,       0,       0
total,         61092,    2609,    2609,    3508,     2.9,     2.4,     4.8,     9.2,    61.6,    63.0,   25.1,  0.00867,      0,      0,       0,       0,       0,       0
total,         63911,    2788,    2788,    3782,     2.7,     2.5,     3.9,     5.0,    28.5,    30.7,   26.1,  0.00843,      0,      0,       0,       0,       0,       0
total,         66330,    2397,    2397,    3236,     3.1,     2.5,     4.2,    12.9,    82.3,    84.5,   27.1,  0.00864,      0,      0,       0,       0,       0,       0
total,         68911,    2543,    2543,    3521,     2.9,     2.6,     4.1,     7.4,    71.4,    72.1,   28.2,  0.00832,      0,      0,       0,       0,       0,       0
total,         71737,    2805,    2805,    3840,     2.6,     2.5,     4.0,     5.4,    19.4,    22.1,   29.2,  0.00807,      0,      0,       0,       0,       0,       0
total,         74374,    2617,    2617,    3594,     2.9,     2.5,     3.9,     5.5,    70.9,    71.2,   30.2,  0.00785,      0,      0,       0,       0,       0,       0
total,         77054,    2660,    2660,    3579,     2.8,     2.4,     4.0,     5.4,    68.2,    69.6,   31.2,  0.00761,      0,      0,       0,       0,       0,       0
total,         77076,    2362,    2362,    3864,     3.2,     3.2,     4.0,     6.0,     6.0,     6.0,   31.2,  0.00742,      0,      0,       0,       0,       0,       0


Results:
op rate                   : 2472 [insert:2472]
partition rate            : 2472 [insert:2472]
row rate                  : 3369 [insert:3369]
latency mean              : 3.0 [insert:3.0]
latency median            : 2.5 [insert:2.5]
latency 95th percentile   : 4.1 [insert:4.1]
latency 99th percentile   : 6.5 [insert:6.5]
latency 99.9th percentile : 67.1 [insert:67.1]
latency max               : 1172.4 [insert:1172.4]
Total partitions          : 77076 [insert:77076]
Total errors              : 0 [insert:0]
total gc count            : 0
total gc mb               : 0
total gc time (s)         : 0
avg gc time(ms)           : NaN
stdev gc time(ms)         : 0
Total operation time      : 00:00:31
Improvement over 4 threadCount: 51%
Sleeping for 15s
Running with 16 threadCount
Running [insert] with 16 threads until stderr of mean < 0.02
type,      total ops,    op/s,    pk/s,   row/s,    mean,     med,     .95,     .99,    .999,     max,   time,   stderr, errors,  gc: #,  max ms,  sum ms,  sdv ms,      mb
total,          2328,    2783,    2783,    3858,     5.5,     5.3,     7.4,     9.8,    31.3,    32.0,    0.8,  0.00000,      0,      0,       0,       0,       0,       0
total,          5125,    1125,    1125,    1552,    14.1,     5.1,     9.0,    31.0,  1525.2,  1527.9,    3.3,  0.00153,      0,      0,       0,       0,       0,       0
total,          7557,    2413,    2413,    3347,     6.4,     5.3,     8.5,    60.2,    74.0,    74.8,    4.3,  0.03711,      0,      0,       0,       0,       0,       0
total,         10205,    2595,    2595,    3625,     6.0,     5.3,     8.2,    26.6,    67.3,    68.7,    5.3,  0.02921,      0,      0,       0,       0,       0,       0
total,         13002,    2776,    2776,    3809,     5.5,     5.4,     7.2,     8.6,    34.2,    36.8,    6.4,  0.02361,      0,      0,       0,       0,       0,       0
total,         15632,    2610,    2610,    3601,     5.9,     5.3,     8.1,    24.2,    65.8,    67.6,    7.4,  0.01989,      0,      0,       0,       0,       0,       0
total,         18138,    2720,    2720,    3677,     5.7,     5.2,     7.1,     9.0,    69.0,    69.6,    8.3,  0.01820,      0,      0,       0,       0,       0,       0
total,         21005,    2470,    2470,    3408,     6.2,     5.4,     7.2,     8.5,   162.6,   165.4,    9.4,  0.01992,      0,      0,       0,       0,       0,       0
total,         23723,    2698,    2698,    3682,     5.7,     5.3,     7.2,    11.0,    68.6,    68.8,   10.5,  0.01845,      0,      0,       0,       0,       0,       0
total,         26441,    2693,    2693,    3635,     5.7,     5.2,     7.1,    12.6,    77.6,    79.6,   11.5,  0.01694,      0,      0,       0,       0,       0,       0
total,         29213,    2750,    2750,    3670,     5.6,     5.0,     8.8,    17.3,    63.4,    67.7,   12.5,  0.01560,      0,      0,       0,       0,       0,       0
total,         32007,    2766,    2766,    3817,     5.6,     5.3,     8.4,    16.5,    25.8,    35.2,   13.5,  0.01430,      0,      0,       0,       0,       0,       0
total,         32177,    2591,    2591,    3765,     5.7,     5.5,     9.0,    10.9,    13.8,    13.8,   13.5,  0.01322,      0,      0,       0,       0,       0,       0
total,         35030,    1264,    1264,    1749,    12.5,     5.3,     7.3,    13.0,  1261.3,  1262.5,   15.8,  0.01253,      0,      0,       0,       0,       0,       0
total,         37868,    2812,    2812,    3863,     5.5,     5.3,     7.0,    11.6,    37.1,    37.3,   16.8,  0.01186,      0,      0,       0,       0,       0,       0
total,         39540,    2471,    2471,    3355,     6.2,     5.2,     7.7,    21.3,    92.3,    92.6,   17.5,  0.01112,      0,      0,       0,       0,       0,       0
total,         42427,    1448,    1448,    1972,    10.8,     5.2,     7.4,    12.7,  1000.0,  1004.9,   19.5,  0.01052,      0,      0,       0,       0,       0,       0
total,         45123,    2670,    2670,    3706,     5.8,     5.3,     7.5,    12.5,    71.2,    72.0,   20.5,  0.01013,      0,      0,       0,       0,       0,       0
total,         47498,    2346,    2346,    3219,     6.6,     5.2,    12.3,    25.7,   127.9,   129.0,   21.5,  0.00999,      0,      0,       0,       0,       0,       0
total,         50152,    2631,    2631,    3598,     5.9,     5.3,     7.3,    14.6,    85.5,    87.4,   22.5,  0.00957,      0,      0,       0,       0,       0,       0
total,         52873,    2688,    2688,    3672,     5.7,     5.3,     7.4,    13.6,    67.9,    69.5,   23.5,  0.00918,      0,      0,       0,       0,       0,       0
total,         55537,    2638,    2638,    3600,     5.9,     5.3,     7.3,    14.5,    81.9,    83.7,   24.5,  0.00881,      0,      0,       0,       0,       0,       0
total,         58181,    2609,    2609,    3616,     5.9,     5.4,     7.4,    12.7,    83.2,    84.4,   25.6,  0.00846,      0,      0,       0,       0,       0,       0
total,         60914,    2711,    2711,    3700,     5.7,     5.1,     8.1,    19.7,    61.3,    62.5,   26.6,  0.00815,      0,      0,       0,       0,       0,       0
total,         63676,    2739,    2739,    3708,     5.6,     5.3,     7.2,    10.3,    62.5,    64.0,   27.6,  0.00789,      0,      0,       0,       0,       0,       0
total,         65902,    2207,    2207,    3049,     7.1,     5.2,     8.2,    20.4,   231.7,   233.7,   28.6,  0.00758,      0,      0,       0,       0,       0,       0
total,         68632,    2704,    2704,    3694,     5.7,     5.3,     7.3,    12.9,    64.0,    64.6,   29.6,  0.00735,      0,      0,       0,       0,       0,       0
total,         71525,    2857,    2857,    3871,     5.4,     5.2,     7.1,     8.7,    22.3,    24.1,   30.6,  0.00709,      0,      0,       0,       0,       0,       0
total,         74261,    2706,    2706,    3704,     5.7,     5.3,     7.3,    14.0,    63.8,    65.5,   31.6,  0.00689,      0,      0,       0,       0,       0,       0
total,         74841,    2881,    2881,    3894,     5.3,     5.2,     7.0,     8.0,     9.7,     9.7,   31.8,  0.00667,      0,      0,       0,       0,       0,       0
total,         74895,      16,      16,      23,  1007.3,  1383.0,  2007.8,  3393.6,  3393.6,  3393.6,   35.2,  0.03297,      0,      0,       0,       0,       0,       0


Results:
op rate                   : 2127 [insert:2127]
partition rate            : 2127 [insert:2127]
row rate                  : 2915 [insert:2915]
latency mean              : 7.3 [insert:7.3]
latency median            : 5.3 [insert:5.3]
latency 95th percentile   : 7.4 [insert:7.4]
latency 99th percentile   : 13.9 [insert:13.9]
latency 99.9th percentile : 989.9 [insert:989.9]
latency max               : 3393.6 [insert:3393.6]
Total partitions          : 74895 [insert:74895]
Total errors              : 0 [insert:0]
total gc count            : 0
total gc mb               : 0
total gc time (s)         : 0
avg gc time(ms)           : NaN
stdev gc time(ms)         : 0
Total operation time      : 00:00:35
Improvement over 8 threadCount: -14%
Sleeping for 15s
Running with 24 threadCount
Running [insert] with 24 threads until stderr of mean < 0.02
type,      total ops,    op/s,    pk/s,   row/s,    mean,     med,     .95,     .99,    .999,     max,   time,   stderr, errors,  gc: #,  max ms,  sum ms,  sdv ms,      mb
total,          2743,    2744,    2744,    3786,     8.6,     8.0,    11.1,    35.8,    41.9,    42.4,    1.0,  0.00000,      0,      0,       0,       0,       0,       0
total,          5454,    2684,    2684,    3664,     8.7,     7.8,    12.7,    33.1,    66.3,    70.3,    2.0,  0.00514,      0,      0,       0,       0,       0,       0
total,          7186,    1709,    1709,    2280,    13.9,     7.8,    11.4,   437.7,   473.1,   473.4,    3.0,  0.00810,      0,      0,       0,       0,       0,       0
total,          9831,    2619,    2619,    3611,     9.0,     8.2,    10.9,    47.5,    66.8,    67.9,    4.0,  0.00621,      0,      0,       0,       0,       0,       0
total,         12537,    2674,    2674,    3662,     8.7,     8.1,    10.9,    22.2,    67.2,    67.9,    5.0,  0.00537,      0,      0,       0,       0,       0,       0
total,         15370,    2337,    2337,    3176,    10.1,     7.9,    11.0,    64.9,   221.2,   225.4,    6.3,  0.00582,      0,      0,       0,       0,       0,       0
total,         17778,    2385,    2385,    3250,     9.8,     7.9,    12.0,    73.1,   126.1,   127.7,    7.3,  0.02129,      0,      0,       0,       0,       0,       0
total,         20499,    2687,    2687,    3721,     8.7,     8.1,    11.7,    19.1,    71.4,    81.4,    8.3,  0.01965,      0,      0,       0,       0,       0,       0
total,         23334,    2813,    2813,    3896,     8.3,     8.2,    10.4,    14.7,    20.9,    22.8,    9.3,  0.01770,      0,      0,       0,       0,       0,       0
total,         25977,    2612,    2612,    3598,     9.0,     8.0,    11.7,    31.0,    90.8,    92.8,   10.3,  0.01612,      0,      0,       0,       0,       0,       0
total,         28094,    2085,    2085,    2860,    11.3,     7.9,    13.5,   276.4,   302.8,   308.0,   11.3,  0.01476,      0,      0,       0,       0,       0,       0
total,         30858,    2725,    2725,    3695,     8.6,     7.6,    13.1,    49.5,    67.3,    70.5,   12.3,  0.01367,      0,      0,       0,       0,       0,       0
total,         33599,    2714,    2714,    3707,     8.6,     8.0,    10.6,    17.6,    68.5,    73.2,   13.3,  0.01281,      0,      0,       0,       0,       0,       0
total,         36343,    2796,    2796,    3865,     8.4,     8.1,    11.3,    16.8,    25.8,    26.4,   14.3,  0.01190,      0,      0,       0,       0,       0,       0
total,         39270,    2734,    2734,    3725,     8.6,     7.9,    11.1,    18.3,    71.3,    72.3,   15.4,  0.01122,      0,      0,       0,       0,       0,       0
total,         41926,    2621,    2621,    3640,     8.9,     8.2,    11.2,    19.2,    80.9,    83.9,   16.4,  0.01060,      0,      0,       0,       0,       0,       0
total,         44683,    2724,    2724,    3679,     8.6,     8.0,    10.7,    18.3,    73.4,    76.1,   17.4,  0.01003,      0,      0,       0,       0,       0,       0
total,         47534,    2812,    2812,    3833,     8.3,     8.1,    10.5,    14.9,    28.5,    28.8,   18.4,  0.00948,      0,      0,       0,       0,       0,       0
total,         50283,    2710,    2710,    3653,     8.6,     7.9,    11.8,    31.4,    84.7,    85.9,   19.4,  0.00903,      0,      0,       0,       0,       0,       0
total,         52985,    2666,    2666,    3659,     8.8,     8.0,    11.3,    18.5,    80.8,    84.4,   20.5,  0.00861,      0,      0,       0,       0,       0,       0
total,         55799,    2772,    2772,    3848,     8.4,     8.1,    13.0,    19.1,    25.2,    30.1,   21.5,  0.00821,      0,      0,       0,       0,       0,       0
total,         58453,    2606,    2606,    3593,     9.0,     8.0,    11.9,    41.7,    78.1,    79.3,   22.5,  0.00783,      0,      0,       0,       0,       0,       0
total,         61349,    2861,    2861,    3902,     8.2,     8.0,    10.1,    15.5,    23.1,    24.5,   23.5,  0.00751,      0,      0,       0,       0,       0,       0
total,         64011,    2627,    2627,    3620,     8.9,     8.2,    10.0,    18.4,    91.0,    92.2,   24.5,  0.00724,      0,      0,       0,       0,       0,       0
total,         66937,    2890,    2890,    3871,     8.1,     7.9,    10.0,    14.8,    33.5,    35.8,   25.5,  0.00695,      0,      0,       0,       0,       0,       0
total,         67631,     684,     684,     931,    34.8,     7.7,    19.5,   783.6,   790.3,   790.3,   26.5,  0.00669,      0,      0,       0,       0,       0,       0
total,         70372,    2700,    2700,    3613,     8.7,     7.6,    12.3,    24.8,    98.1,    99.5,   27.6,  0.00649,      0,      0,       0,       0,       0,       0
total,         72750,    2347,    2347,    3172,    10.0,     7.2,    29.7,    63.2,    73.9,    84.8,   28.6,  0.00894,      0,      0,       0,       0,       0,       0
total,         75494,    2754,    2754,    3836,     8.5,     7.9,    16.0,    23.5,    31.3,    42.2,   29.6,  0.00863,      0,      0,       0,       0,       0,       0
total,         78378,    2674,    2674,    3688,     8.8,     7.9,    12.9,    36.9,    74.1,    77.9,   30.6,  0.00836,      0,      0,       0,       0,       0,       0
total,         78432,    2630,    2630,    3165,     9.1,     8.9,    13.5,    15.1,    15.1,    15.1,   30.7,  0.00989,      0,      0,       0,       0,       0,       0


Results:
op rate                   : 2557 [insert:2557]
partition rate            : 2557 [insert:2557]
row rate                  : 3499 [insert:3499]
latency mean              : 9.2 [insert:9.2]
latency median            : 8.0 [insert:8.0]
latency 95th percentile   : 11.4 [insert:11.4]
latency 99th percentile   : 29.6 [insert:29.6]
latency 99.9th percentile : 213.2 [insert:213.2]
latency max               : 790.3 [insert:790.3]
Total partitions          : 78432 [insert:78432]
Total errors              : 0 [insert:0]
total gc count            : 0
total gc mb               : 0
total gc time (s)         : 0
avg gc time(ms)           : NaN
stdev gc time(ms)         : 0
Total operation time      : 00:00:30
Improvement over 16 threadCount: 20%
Sleeping for 15s
Running with 36 threadCount
Running [insert] with 36 threads until stderr of mean < 0.02
type,      total ops,    op/s,    pk/s,   row/s,    mean,     med,     .95,     .99,    .999,     max,   time,   stderr, errors,  gc: #,  max ms,  sum ms,  sdv ms,      mb
total,          2655,    2655,    2655,    3677,    13.6,    12.2,    20.9,    84.9,    94.5,    96.5,    1.0,  0.00000,      0,      0,       0,       0,       0,       0
total,          3510,    2605,    2605,    3418,    11.9,    11.8,    20.5,    35.1,    49.6,    49.6,    1.3,  0.05372,      0,      0,       0,       0,       0,       0
total,          5709,    1335,    1335,    1846,    27.0,    11.9,    27.5,   847.5,   873.6,   882.3,    3.0,  0.03747,      0,      0,       0,       0,       0,       0
total,          8613,    2134,    2134,    2934,    16.9,    12.1,    19.6,   362.8,   402.0,   403.0,    4.3,  0.03193,      0,      0,       0,       0,       0,       0
total,         11309,    2643,    2643,    3666,    13.4,    12.1,    18.1,    85.3,    95.1,    97.5,    5.4,  0.02798,      0,      0,       0,       0,       0,       0
total,         14181,    2829,    2829,    3912,    12.5,    12.4,    15.1,    23.9,    32.2,    35.0,    6.4,  0.02379,      0,      0,       0,       0,       0,       0
total,         16284,    2070,    2070,    2818,    17.2,    12.1,    18.7,   237.5,   260.4,   263.9,    7.4,  0.02250,      0,      0,       0,       0,       0,       0
total,         19163,    2839,    2839,    3911,    12.5,    12.3,    16.5,    21.4,    26.1,    27.2,    8.4,  0.02011,      0,      0,       0,       0,       0,       0
total,         21846,    2644,    2644,    3634,    13.3,    11.7,    22.0,    64.1,    72.0,    75.0,    9.4,  0.01795,      0,      0,       0,       0,       0,       0
total,         24548,    2569,    2569,    3571,    13.9,    11.9,    24.0,    71.9,    79.6,    81.3,   10.5,  0.01715,      0,      0,       0,       0,       0,       0
total,         27525,    2938,    2938,    3929,    12.1,    11.9,    14.5,    19.1,    24.8,    25.3,   11.5,  0.01597,      0,      0,       0,       0,       0,       0
total,         30250,    2657,    2657,    3642,    13.4,    12.1,    17.3,    87.2,    94.7,    97.0,   12.5,  0.01498,      0,      0,       0,       0,       0,       0
total,         33085,    2784,    2784,    3804,    12.6,    12.0,    16.4,    41.3,    66.5,    73.6,   13.5,  0.01383,      0,      0,       0,       0,       0,       0
total,         35796,    2677,    2677,    3692,    13.4,    12.2,    18.3,    83.0,    98.0,    99.0,   14.5,  0.01327,      0,      0,       0,       0,       0,       0
total,         38508,    2670,    2670,    3631,    13.0,    12.1,    18.1,    61.4,    67.4,    68.2,   15.6,  0.01279,      0,      0,       0,       0,       0,       0
total,         41475,    2848,    2848,    3905,    12.7,    12.0,    16.8,    43.9,    80.3,    91.0,   16.6,  0.01240,      0,      0,       0,       0,       0,       0
total,         44269,    2732,    2732,    3690,    13.0,    11.9,    17.2,    71.4,    83.8,    85.6,   17.6,  0.01184,      0,      0,       0,       0,       0,       0
total,         46342,    2604,    2604,    3545,    13.3,    11.9,    19.7,    65.7,    76.3,    85.2,   18.4,  0.01118,      0,      0,       0,       0,       0,       0
total,         49356,    2106,    2106,    2883,    17.1,    12.1,    17.4,   418.6,   451.3,   453.9,   19.8,  0.01081,      0,      0,       0,       0,       0,       0
total,         52078,    2665,    2665,    3672,    13.3,    12.3,    15.5,    77.8,    89.7,    93.9,   20.9,  0.01037,      0,      0,       0,       0,       0,       0
total,         54967,    2837,    2837,    3906,    12.5,    12.2,    15.2,    23.5,    32.0,    35.1,   21.9,  0.00991,      0,      0,       0,       0,       0,       0
total,         57717,    2896,    2896,    3936,    12.2,    12.1,    15.1,    20.9,    26.5,    27.2,   22.8,  0.00951,      0,      0,       0,       0,       0,       0
total,         60498,    2515,    2515,    3460,    14.1,    11.9,    21.4,    99.4,   109.3,   110.2,   23.9,  0.00913,      0,      0,       0,       0,       0,       0
total,         63079,    2480,    2480,    3416,    14.3,    12.0,    19.6,   148.9,   176.8,   187.3,   25.0,  0.00875,      0,      0,       0,       0,       0,       0
total,         65735,    2615,    2615,    3568,    13.6,    11.8,    19.9,    90.5,    97.8,   101.5,   26.0,  0.00841,      0,      0,       0,       0,       0,       0
total,         68468,    2690,    2690,    3716,    13.1,    12.3,    16.1,    68.9,    80.1,    80.5,   27.0,  0.00817,      0,      0,       0,       0,       0,       0
total,         71061,    2531,    2531,    3487,    14.0,    12.1,    19.3,    92.5,   102.2,   102.4,   28.0,  0.00788,      0,      0,       0,       0,       0,       0
total,         73767,    2670,    2670,    3585,    13.2,    11.8,    19.0,    89.1,    98.1,   100.2,   29.1,  0.00760,      0,      0,       0,       0,       0,       0
total,         76644,    2807,    2807,    3855,    12.4,    12.1,    17.1,    24.3,    32.2,    36.3,   30.1,  0.00734,      0,      0,       0,       0,       0,       0
total,         78348,     822,     822,    1131,    43.9,    11.8,    20.3,  1521.0,  1539.6,  1541.8,   32.1,  0.00743,      0,      0,       0,       0,       0,       0
total,         78439,     122,     122,     180,   294.3,    11.1,   743.7,   747.4,   747.4,   747.4,   32.9,  0.01759,      0,      0,       0,       0,       0,       0


Results:
op rate                   : 2385 [insert:2385]
partition rate            : 2385 [insert:2385]
row rate                  : 3268 [insert:3268]
latency mean              : 14.9 [insert:14.9]
latency median            : 12.0 [insert:12.0]
latency 95th percentile   : 17.6 [insert:17.6]
latency 99th percentile   : 67.1 [insert:67.1]
latency 99.9th percentile : 730.2 [insert:730.2]
latency max               : 1541.8 [insert:1541.8]
Total partitions          : 78439 [insert:78439]
Total errors              : 0 [insert:0]
total gc count            : 0
total gc mb               : 0
total gc time (s)         : 0
avg gc time(ms)           : NaN
stdev gc time(ms)         : 0
Total operation time      : 00:00:32
Improvement over 24 threadCount: -7%
Sleeping for 15s
            id, type,      total ops,    op/s,    pk/s,   row/s,    mean,     med,     .95,     .99,    .999,     max,   time,   stderr, errors,  gc: #,  max ms,  sum ms,  sdv ms,      mb
 4 threadCount, insert,       184755,    1637,    1637,    2245,     2.2,     1.6,     3.4,     5.5,    30.5,  6554.1,  112.9,  0.01982,      0,      0,       0,       0,       0,       0
 4 threadCount, total,        184755,    1637,    1637,    2245,     2.2,     1.6,     3.4,     5.5,    30.5,  6554.1,  112.9,  0.01982,      0,      0,       0,       0,       0,       0
 8 threadCount, insert,        77076,    2472,    2472,    3369,     3.0,     2.5,     4.1,     6.5,    67.1,  1172.4,   31.2,  0.00742,      0,      0,       0,       0,       0,       0
 8 threadCount, total,         77076,    2472,    2472,    3369,     3.0,     2.5,     4.1,     6.5,    67.1,  1172.4,   31.2,  0.00742,      0,      0,       0,       0,       0,       0
16 threadCount, insert,        74895,    2127,    2127,    2915,     7.3,     5.3,     7.4,    13.9,   989.9,  3393.6,   35.2,  0.03297,      0,      0,       0,       0,       0,       0
16 threadCount, total,         74895,    2127,    2127,    2915,     7.3,     5.3,     7.4,    13.9,   989.9,  3393.6,   35.2,  0.03297,      0,      0,       0,       0,       0,       0
24 threadCount, insert,        78432,    2557,    2557,    3499,     9.2,     8.0,    11.4,    29.6,   213.2,   790.3,   30.7,  0.00989,      0,      0,       0,       0,       0,       0
24 threadCount, total,         78432,    2557,    2557,    3499,     9.2,     8.0,    11.4,    29.6,   213.2,   790.3,   30.7,  0.00989,      0,      0,       0,       0,       0,       0
36 threadCount, insert,        78439,    2385,    2385,    3268,    14.9,    12.0,    17.6,    67.1,   730.2,  1541.8,   32.9,  0.01759,      0,      0,       0,       0,       0,       0
36 threadCount, total,         78439,    2385,    2385,    3268,    14.9,    12.0,    17.6,    67.1,   730.2,  1541.8,   32.9,  0.01759,      0,      0,       0,       0,       0,       0
END
