INFO  22:03:06 Did not find Netty's native epoll transport in the classpath, defaulting to NIO.
INFO  22:03:07 Using data-center name 'datacenter1' for DCAwareRoundRobinPolicy (if this is incorrect, please provide the correct datacenter name with DCAwareRoundRobinPolicy constructor)
INFO  22:03:07 New Cassandra host /192.168.2.56:9042 added
INFO  22:03:07 New Cassandra host /192.168.2.54:9042 added
INFO  22:03:07 New Cassandra host /192.168.2.55:9042 added
Connected to cluster: MalungoCluster
Datatacenter: datacenter1; Host: /192.168.2.56; Rack: rack1
Datatacenter: datacenter1; Host: /192.168.2.54; Rack: rack1
Datatacenter: datacenter1; Host: /192.168.2.55; Rack: rack1
Created schema. Sleeping 3s for propagation.
Sleeping 2s...
Warming up timeline with 150000 iterations...
WARNING: uncertainty mode (err<) results in uneven workload between thread runs, so should be used for high level analysis only
Running with 4 threadCount
Running [timeline] with 4 threads until stderr of mean < 0.02
type,      total ops,    op/s,    pk/s,   row/s,    mean,     med,     .95,     .99,    .999,     max,   time,   stderr, errors,  gc: #,  max ms,  sum ms,  sdv ms,      mb
total,          3784,    3784,      78,     297,     0.8,     0.8,     1.2,     1.9,     5.0,    49.2,    1.0,  0.00000,      0,      0,       0,       0,       0,       0
total,          7617,    3819,      75,     239,     0.9,     0.8,     1.1,     1.9,    54.2,    54.7,    2.0,  0.05708,      0,      0,       0,       0,       0,       0
total,         11608,    3980,      69,     186,     0.8,     0.8,     1.1,     1.9,    11.2,    14.4,    3.0,  0.10687,      0,      0,       0,       0,       0,       0
total,         15656,    4034,      75,     296,     0.8,     0.8,     1.1,     1.9,     4.0,     8.7,    4.0,  0.08726,      0,      0,       0,       0,       0,       0
total,         19705,    4036,      79,     209,     0.8,     0.8,     1.1,     1.7,     8.2,    15.6,    5.0,  0.07955,      0,      0,       0,       0,       0,       0
total,         23807,    4088,      69,     250,     0.8,     0.8,     1.0,     1.7,     4.8,     8.2,    6.0,  0.06618,      0,      0,       0,       0,       0,       0
total,         27912,    4089,      64,     220,     0.8,     0.8,     1.0,     1.8,     4.5,     5.8,    7.0,  0.05981,      0,      0,       0,       0,       0,       0
total,         31940,    4011,      78,     249,     0.8,     0.8,     1.1,     1.8,    12.7,    24.7,    8.0,  0.05225,      0,      0,       0,       0,       0,       0
total,         36031,    4073,      54,     212,     0.8,     0.8,     1.0,     1.7,     5.2,    17.7,    9.0,  0.04911,      0,      0,       0,       0,       0,       0
total,         40134,    4083,      62,     207,     0.8,     0.8,     1.0,     1.6,     6.3,     7.8,   10.0,  0.04703,      0,      0,       0,       0,       0,       0
total,         44262,    4107,      64,     227,     0.8,     0.8,     1.1,     1.6,     4.1,     5.3,   11.0,  0.04318,      0,      0,       0,       0,       0,       0
total,         48343,    4059,      88,     347,     0.8,     0.8,     1.1,     2.0,     4.8,     7.4,   12.0,  0.05194,      0,      0,       0,       0,       0,       0
total,         52456,    4093,      69,     244,     0.8,     0.8,     1.0,     1.8,     4.9,     5.5,   13.0,  0.04800,      0,      0,       0,       0,       0,       0
total,         56552,    4071,      70,     192,     0.8,     0.8,     1.0,     1.8,     8.5,    24.7,   14.1,  0.04789,      0,      0,       0,       0,       0,       0
total,         60676,    4135,      67,     272,     0.8,     0.8,     1.0,     1.7,     3.1,     4.8,   15.1,  0.04499,      0,      0,       0,       0,       0,       0
total,         64789,    4053,      77,     258,     0.8,     0.8,     1.1,     1.8,     4.7,    12.5,   16.1,  0.04219,      0,      0,       0,       0,       0,       0
total,         68883,    4067,      72,     223,     0.8,     0.8,     1.1,     1.7,     5.1,    13.6,   17.1,  0.04030,      0,      0,       0,       0,       0,       0
total,         73046,    4140,      66,     221,     0.8,     0.8,     1.0,     1.7,     4.2,     5.1,   18.1,  0.03858,      0,      0,       0,       0,       0,       0
total,         77184,    4114,      68,     229,     0.8,     0.8,     1.1,     1.7,     4.6,     7.0,   19.1,  0.03677,      0,      0,       0,       0,       0,       0
total,         81267,    4065,      62,     254,     0.8,     0.8,     1.1,     2.0,     4.7,     6.4,   20.1,  0.03492,      0,      0,       0,       0,       0,       0
total,         85294,    4004,      89,     329,     0.8,     0.8,     1.1,     2.2,     4.6,    12.0,   21.1,  0.03672,      0,      0,       0,       0,       0,       0
total,         89403,    4086,      76,     282,     0.8,     0.8,     1.0,     1.8,     5.3,    15.0,   22.1,  0.03539,      0,      0,       0,       0,       0,       0
total,         93455,    4028,      80,     230,     0.8,     0.8,     1.1,     1.7,    10.3,    11.9,   23.1,  0.03408,      0,      0,       0,       0,       0,       0
total,         97561,    4085,      80,     290,     0.8,     0.8,     1.1,     1.8,     7.4,     9.5,   24.1,  0.03314,      0,      0,       0,       0,       0,       0
total,        101694,    4111,      73,     263,     0.8,     0.8,     1.1,     1.9,     4.6,     5.5,   25.1,  0.03181,      0,      0,       0,       0,       0,       0
total,        105824,    4104,      63,     215,     0.8,     0.8,     1.0,     1.7,     4.9,    16.7,   26.1,  0.03122,      0,      0,       0,       0,       0,       0
total,        109952,    4104,      66,     242,     0.8,     0.8,     1.0,     1.7,     3.6,     8.7,   27.1,  0.03012,      0,      0,       0,       0,       0,       0
total,        114032,    4057,      67,     241,     0.8,     0.8,     1.1,     2.0,     4.4,     8.4,   28.1,  0.02910,      0,      0,       0,       0,       0,       0
total,        118082,    4024,      96,     323,     0.8,     0.8,     1.1,     2.0,     6.9,    10.3,   29.1,  0.02957,      0,      0,       0,       0,       0,       0
total,        122224,    4119,      69,     261,     0.8,     0.8,     1.1,     1.7,     4.4,     6.0,   30.1,  0.02858,      0,      0,       0,       0,       0,       0
total,        126191,    3929,      87,     313,     0.8,     0.8,     1.2,     2.1,    10.5,    13.0,   31.2,  0.02851,      0,      0,       0,       0,       0,       0
total,        130315,    4099,      76,     231,     0.8,     0.8,     1.0,     1.7,     4.6,    14.7,   32.2,  0.02783,      0,      0,       0,       0,       0,       0
total,        134451,    4110,      62,     195,     0.8,     0.8,     1.0,     1.6,     5.4,    12.6,   33.2,  0.02798,      0,      0,       0,       0,       0,       0
total,        138599,    4122,      63,     200,     0.8,     0.8,     1.0,     1.7,     4.7,     5.5,   34.2,  0.02796,      0,      0,       0,       0,       0,       0
total,        142746,    4122,      79,     236,     0.8,     0.8,     1.1,     1.8,     3.6,     5.7,   35.2,  0.02725,      0,      0,       0,       0,       0,       0
total,        146880,    4112,      67,     278,     0.8,     0.8,     1.0,     1.8,     5.9,     6.6,   36.2,  0.02659,      0,      0,       0,       0,       0,       0
total,        150976,    4064,      84,     316,     0.8,     0.8,     1.1,     1.9,     5.1,     6.6,   37.2,  0.02662,      0,      0,       0,       0,       0,       0
total,        155139,    4137,      90,     261,     0.8,     0.8,     1.1,     1.6,     3.0,     6.4,   38.2,  0.02591,      0,      0,       0,       0,       0,       0
total,        159208,    4045,      83,     277,     0.8,     0.8,     1.1,     1.8,     6.0,    11.7,   39.2,  0.02533,      0,      0,       0,       0,       0,       0
total,        163345,    4114,      71,     200,     0.8,     0.8,     1.0,     1.8,     4.7,     6.1,   40.2,  0.02535,      0,      0,       0,       0,       0,       0
total,        167443,    4077,      85,     266,     0.8,     0.8,     1.1,     1.8,     5.4,    12.7,   41.2,  0.02474,      0,      0,       0,       0,       0,       0
total,        171542,    4074,      66,     207,     0.8,     0.8,     1.0,     1.6,     5.2,    13.3,   42.2,  0.02458,      0,      0,       0,       0,       0,       0
total,        175672,    4107,      74,     276,     0.8,     0.8,     1.1,     1.7,     4.9,     9.0,   43.2,  0.02409,      0,      0,       0,       0,       0,       0
total,        179869,    4173,      68,     186,     0.8,     0.8,     1.0,     1.5,     3.4,     5.0,   44.2,  0.02440,      0,      0,       0,       0,       0,       0
total,        184081,    4119,      77,     229,     0.8,     0.8,     1.1,     1.7,     4.3,     5.9,   45.3,  0.02397,      0,      0,       0,       0,       0,       0
total,        188248,    4144,      79,     248,     0.8,     0.8,     1.0,     1.7,     4.4,     5.3,   46.3,  0.02345,      0,      0,       0,       0,       0,       0
total,        192367,    4099,      76,     247,     0.8,     0.8,     1.0,     1.7,     5.0,    13.2,   47.3,  0.02295,      0,      0,       0,       0,       0,       0
total,        196470,    4079,      68,     244,     0.8,     0.8,     1.0,     1.8,     5.5,    10.0,   48.3,  0.02249,      0,      0,       0,       0,       0,       0
total,        200588,    4097,      70,     253,     0.8,     0.8,     1.1,     1.8,     4.6,     5.3,   49.3,  0.02202,      0,      0,       0,       0,       0,       0
total,        204745,    4132,      71,     303,     0.8,     0.8,     1.0,     1.8,     3.8,     7.9,   50.3,  0.02194,      0,      0,       0,       0,       0,       0
total,        208869,    4100,      62,     198,     0.8,     0.8,     1.0,     1.7,     4.0,     5.8,   51.3,  0.02198,      0,      0,       0,       0,       0,       0
total,        213009,    4120,      79,     247,     0.8,     0.8,     1.0,     1.6,     3.6,    12.9,   52.3,  0.02156,      0,      0,       0,       0,       0,       0
total,        217129,    4095,      80,     249,     0.8,     0.8,     1.1,     1.7,     4.1,     6.2,   53.3,  0.02115,      0,      0,       0,       0,       0,       0
total,        221159,    4009,      75,     221,     0.8,     0.8,     1.1,     1.8,     6.8,    16.9,   54.3,  0.02089,      0,      0,       0,       0,       0,       0
total,        225268,    4086,      79,     219,     0.8,     0.8,     1.1,     1.8,     3.7,     5.5,   55.3,  0.02067,      0,      0,       0,       0,       0,       0
total,        229331,    4035,      96,     285,     0.8,     0.8,     1.1,     1.7,     4.9,    10.4,   56.3,  0.02042,      0,      0,       0,       0,       0,       0
total,        233423,    4071,      81,     249,     0.8,     0.8,     1.1,     1.8,     4.6,     7.9,   57.3,  0.02006,      0,      0,       0,       0,       0,       0
total,        237550,    4104,      66,     256,     0.8,     0.8,     1.1,     1.7,     4.5,     5.7,   58.3,  0.01971,      0,      0,       0,       0,       0,       0


Results:
op rate                   : 4072 [timeline:4072]
partition rate            : 73 [timeline:73]
row rate                  : 248 [timeline:248]
latency mean              : 0.8 [timeline:0.8]
latency median            : 0.8 [timeline:0.8]
latency 95th percentile   : 1.0 [timeline:1.0]
latency 99th percentile   : 1.5 [timeline:1.5]
latency 99.9th percentile : 4.1 [timeline:4.1]
latency max               : 54.7 [timeline:54.7]
Total partitions          : 4288 [timeline:4288]
Total errors              : 0 [timeline:0]
total gc count            : 0
total gc mb               : 0
total gc time (s)         : 0
avg gc time(ms)           : NaN
stdev gc time(ms)         : 0
Total operation time      : 00:00:58
Sleeping for 15s
Running with 8 threadCount
Running [timeline] with 8 threads until stderr of mean < 0.02
type,      total ops,    op/s,    pk/s,   row/s,    mean,     med,     .95,     .99,    .999,     max,   time,   stderr, errors,  gc: #,  max ms,  sum ms,  sdv ms,      mb
total,          6742,    6741,     121,     434,     1.0,     0.9,     1.6,     2.4,    37.4,    39.0,    1.0,  0.00000,      0,      0,       0,       0,       0,       0
total,         13598,    6833,     117,     391,     1.0,     0.9,     1.6,     2.5,    13.1,    16.2,    2.0,  0.03704,      0,      0,       0,       0,       0,       0
total,         20540,    6911,     124,     437,     1.0,     0.9,     1.6,     2.6,    15.8,    18.4,    3.0,  0.03123,      0,      0,       0,       0,       0,       0
total,         27713,    7139,     125,     459,     1.0,     0.9,     1.5,     2.2,     8.3,    12.9,    4.0,  0.02925,      0,      0,       0,       0,       0,       0
total,         34822,    7074,     126,     409,     1.0,     0.9,     1.6,     2.5,     8.0,    20.2,    5.0,  0.02548,      0,      0,       0,       0,       0,       0
total,         41820,    6963,     107,     355,     1.0,     0.9,     1.6,     2.4,     8.5,    14.1,    6.0,  0.03423,      0,      0,       0,       0,       0,       0
total,         48867,    7009,     128,     506,     1.0,     0.9,     1.6,     2.4,     9.7,    11.2,    7.0,  0.04002,      0,      0,       0,       0,       0,       0
total,         55672,    6767,     125,     498,     1.0,     0.9,     1.6,     2.7,    15.6,    18.2,    8.0,  0.03910,      0,      0,       0,       0,       0,       0
total,         62673,    6950,     119,     438,     1.0,     0.9,     1.6,     2.6,     9.3,    20.5,    9.0,  0.03475,      0,      0,       0,       0,       0,       0
total,         69813,    7095,     127,     421,     1.0,     0.9,     1.5,     2.1,     9.4,    16.1,   10.0,  0.03157,      0,      0,       0,       0,       0,       0
total,         76907,    7047,     128,     422,     1.0,     0.9,     1.6,     2.3,     7.5,    12.0,   11.1,  0.02890,      0,      0,       0,       0,       0,       0
total,         83943,    6992,     131,     472,     1.0,     0.9,     1.6,     2.3,     7.3,     8.9,   12.1,  0.02719,      0,      0,       0,       0,       0,       0
total,         91038,    7051,     122,     413,     1.0,     0.9,     1.6,     2.2,     9.1,    12.5,   13.1,  0.02543,      0,      0,       0,       0,       0,       0
total,         98073,    6997,     124,     451,     1.0,     0.9,     1.6,     2.3,    11.2,    13.2,   14.1,  0.02367,      0,      0,       0,       0,       0,       0
total,        105172,    7051,     126,     432,     1.0,     0.9,     1.6,     2.5,     9.2,    12.7,   15.1,  0.02210,      0,      0,       0,       0,       0,       0
total,        112369,    7147,     113,     363,     1.0,     0.9,     1.5,     2.2,     6.7,     9.4,   16.1,  0.02332,      0,      0,       0,       0,       0,       0
total,        119494,    7081,     147,     488,     1.0,     0.9,     1.6,     2.2,     6.7,     9.8,   17.1,  0.02298,      0,      0,       0,       0,       0,       0
total,        126476,    6941,     106,     373,     1.0,     0.9,     1.6,     2.7,    12.4,    14.6,   18.1,  0.02323,      0,      0,       0,       0,       0,       0
total,        133718,    7192,     124,     414,     0.9,     0.9,     1.5,     2.1,     6.3,     8.6,   19.1,  0.02216,      0,      0,       0,       0,       0,       0
total,        140760,    6958,     139,     427,     1.0,     0.9,     1.6,     2.3,    10.9,    17.9,   20.1,  0.02107,      0,      0,       0,       0,       0,       0
total,        147906,    7098,     117,     406,     1.0,     0.9,     1.5,     2.1,     6.7,     7.4,   21.1,  0.02030,      0,      0,       0,       0,       0,       0
total,        155130,    7179,     139,     485,     1.0,     0.9,     1.6,     2.3,     9.3,    10.4,   22.1,  0.02020,      0,      0,       0,       0,       0,       0
total,        162122,    6949,     118,     395,     1.0,     0.9,     1.6,     2.5,    11.3,    13.4,   23.1,  0.01969,      0,      0,       0,       0,       0,       0
total,        169227,    7053,     127,     369,     1.0,     0.9,     1.6,     2.3,     5.7,     9.1,   24.1,  0.01987,      0,      0,       0,       0,       0,       0
total,        176459,    7137,     120,     358,     1.0,     0.9,     1.5,     2.2,     6.3,     7.6,   25.2,  0.02025,      0,      0,       0,       0,       0,       0
total,        183538,    7027,     142,     404,     1.0,     0.9,     1.6,     2.3,     9.8,    12.8,   26.2,  0.01957,      0,      0,       0,       0,       0,       0
total,        190706,    7123,     139,     489,     1.0,     0.9,     1.6,     2.3,     6.0,     8.4,   27.2,  0.01952,      0,      0,       0,       0,       0,       0
total,        197709,    6949,     128,     435,     1.0,     0.9,     1.6,     2.5,    11.6,    13.6,   28.2,  0.01882,      0,      0,       0,       0,       0,       0
total,        204929,    7183,     119,     435,     1.0,     0.9,     1.5,     2.3,     6.2,     6.6,   29.2,  0.01817,      0,      0,       0,       0,       0,       0
total,        211989,    7019,     134,     430,     1.0,     0.9,     1.6,     2.4,     8.0,    10.4,   30.2,  0.01756,      0,      0,       0,       0,       0,       0


Results:
op rate                   : 7021 [timeline:7021]
partition rate            : 126 [timeline:126]
row rate                  : 427 [timeline:427]
latency mean              : 1.0 [timeline:1.0]
latency median            : 0.9 [timeline:0.9]
latency 95th percentile   : 1.5 [timeline:1.5]
latency 99th percentile   : 2.1 [timeline:2.1]
latency 99.9th percentile : 8.2 [timeline:8.2]
latency max               : 39.0 [timeline:39.0]
Total partitions          : 3792 [timeline:3792]
Total errors              : 0 [timeline:0]
total gc count            : 0
total gc mb               : 0
total gc time (s)         : 0
avg gc time(ms)           : NaN
stdev gc time(ms)         : 0
Total operation time      : 00:00:30
Improvement over 4 threadCount: 72%
Sleeping for 15s
Running with 16 threadCount
Running [timeline] with 16 threads until stderr of mean < 0.02
type,      total ops,    op/s,    pk/s,   row/s,    mean,     med,     .95,     .99,    .999,     max,   time,   stderr, errors,  gc: #,  max ms,  sum ms,  sdv ms,      mb
total,          7801,    7797,     143,     496,     1.9,     1.4,     3.3,     5.7,   146.4,   149.8,    1.0,  0.00000,      0,      0,       0,       0,       0,       0
total,         16681,    8838,     167,     577,     1.6,     1.4,     3.3,     5.6,    15.3,    17.5,    2.0,  0.05372,      0,      0,       0,       0,       0,       0
total,         25627,    8883,     156,     548,     1.6,     1.4,     3.3,     6.3,    12.3,    15.3,    3.0,  0.03603,      0,      0,       0,       0,       0,       0
total,         34653,    8963,     154,     617,     1.6,     1.3,     3.3,     5.6,    15.9,    19.3,    4.0,  0.03940,      0,      0,       0,       0,       0,       0
total,         43606,    8895,     162,     580,     1.6,     1.4,     3.2,     5.4,    14.8,    17.8,    5.0,  0.03198,      0,      0,       0,       0,       0,       0
total,         52720,    9046,     155,     563,     1.6,     1.4,     3.2,     5.0,    12.4,    17.0,    6.0,  0.02665,      0,      0,       0,       0,       0,       0
total,         61616,    8823,     154,     552,     1.7,     1.4,     3.3,     6.8,    15.9,    17.2,    7.0,  0.02306,      0,      0,       0,       0,       0,       0
total,         70674,    8980,     155,     577,     1.6,     1.4,     3.2,     5.0,    13.0,    14.5,    8.1,  0.02035,      0,      0,       0,       0,       0,       0
total,         79704,    8935,     158,     604,     1.6,     1.3,     3.4,     6.1,    10.8,    15.8,    9.1,  0.01939,      0,      0,       0,       0,       0,       0
total,         88910,    9102,     147,     534,     1.6,     1.3,     3.2,     5.7,     8.6,    11.1,   10.1,  0.01848,      0,      0,       0,       0,       0,       0
total,         97949,    8950,     148,     471,     1.6,     1.4,     3.3,     5.3,    14.5,    17.5,   11.1,  0.02242,      0,      0,       0,       0,       0,       0
total,        107031,    8987,     169,     604,     1.6,     1.4,     3.1,     4.9,    11.0,    16.0,   12.1,  0.02150,      0,      0,       0,       0,       0,       0
total,        116153,    9024,     171,     619,     1.6,     1.4,     3.3,     5.0,    10.0,    12.2,   13.1,  0.02115,      0,      0,       0,       0,       0,       0
total,        125311,    9060,     159,     567,     1.6,     1.3,     3.2,     5.4,    13.1,    20.7,   14.1,  0.01963,      0,      0,       0,       0,       0,       0
total,        134415,    8936,     160,     462,     1.6,     1.4,     3.3,     5.7,    13.9,    17.9,   15.1,  0.02201,      0,      0,       0,       0,       0,       0
total,        143327,    8837,     170,     568,     1.6,     1.4,     3.2,     5.5,    14.9,    17.6,   16.1,  0.02064,      0,      0,       0,       0,       0,       0
total,        152459,    9054,     162,     577,     1.6,     1.4,     3.2,     5.1,     9.0,    10.5,   17.1,  0.01948,      0,      0,       0,       0,       0,       0
total,        161568,    9038,     170,     618,     1.6,     1.4,     3.2,     5.1,     9.8,    17.0,   18.2,  0.01913,      0,      0,       0,       0,       0,       0
total,        170497,    8828,     139,     448,     1.6,     1.4,     3.3,     6.2,    14.7,    20.5,   19.2,  0.02116,      0,      0,       0,       0,       0,       0
total,        179602,    9031,     148,     457,     1.6,     1.3,     3.4,     5.5,     9.9,    11.7,   20.2,  0.02211,      0,      0,       0,       0,       0,       0
total,        188720,    9041,     163,     543,     1.6,     1.3,     3.2,     5.4,    10.8,    15.9,   21.2,  0.02109,      0,      0,       0,       0,       0,       0
total,        197621,    8829,     147,     517,     1.6,     1.4,     3.4,     6.4,    12.8,    15.3,   22.2,  0.02038,      0,      0,       0,       0,       0,       0
total,        206588,    8882,     148,     504,     1.6,     1.4,     3.2,     5.6,    15.2,    18.6,   23.2,  0.01989,      0,      0,       0,       0,       0,       0
total,        215755,    9094,     167,     577,     1.6,     1.3,     3.2,     5.6,    11.0,    13.9,   24.2,  0.01914,      0,      0,       0,       0,       0,       0
total,        224937,    9106,     158,     533,     1.6,     1.4,     3.2,     5.1,    10.5,    12.7,   25.2,  0.01841,      0,      0,       0,       0,       0,       0
total,        233866,    8821,     171,     560,     1.6,     1.4,     3.3,     5.7,    20.9,    23.8,   26.2,  0.01771,      0,      0,       0,       0,       0,       0
total,        242856,    8920,     177,     512,     1.6,     1.4,     3.3,     6.0,    13.2,    16.3,   27.2,  0.01727,      0,      0,       0,       0,       0,       0
total,        251961,    9029,     168,     627,     1.6,     1.4,     3.1,     4.9,    10.7,    14.3,   28.2,  0.01731,      0,      0,       0,       0,       0,       0
total,        261014,    8981,     170,     612,     1.6,     1.4,     3.2,     4.7,    15.0,    16.4,   29.3,  0.01707,      0,      0,       0,       0,       0,       0
total,        269952,    8861,     158,     552,     1.6,     1.4,     3.2,     5.5,    19.7,    21.7,   30.3,  0.01650,      0,      0,       0,       0,       0,       0
total,        270039,    4830,      56,      56,     3.0,     1.5,     8.9,    17.0,    17.0,    17.0,   30.3,  0.03369,      0,      0,       0,       0,       0,       0


Results:
op rate                   : 8917 [timeline:8917]
partition rate            : 159 [timeline:159]
row rate                  : 552 [timeline:552]
latency mean              : 1.6 [timeline:1.6]
latency median            : 1.4 [timeline:1.4]
latency 95th percentile   : 3.1 [timeline:3.1]
latency 99th percentile   : 4.4 [timeline:4.4]
latency 99.9th percentile : 11.7 [timeline:11.7]
latency max               : 149.8 [timeline:149.8]
Total partitions          : 4813 [timeline:4813]
Total errors              : 0 [timeline:0]
total gc count            : 0
total gc mb               : 0
total gc time (s)         : 0
avg gc time(ms)           : NaN
stdev gc time(ms)         : 0
Total operation time      : 00:00:30
Improvement over 8 threadCount: 27%
Sleeping for 15s
Running with 24 threadCount
Running [timeline] with 24 threads until stderr of mean < 0.02
type,      total ops,    op/s,    pk/s,   row/s,    mean,     med,     .95,     .99,    .999,     max,   time,   stderr, errors,  gc: #,  max ms,  sum ms,  sdv ms,      mb
total,          9246,    9244,     176,     563,     2.4,     2.0,     5.0,    11.3,    33.8,    35.5,    1.0,  0.00000,      0,      0,       0,       0,       0,       0
total,         18811,    9475,     176,     604,     2.4,     2.1,     4.9,     8.2,    14.5,    17.7,    2.0,  0.02507,      0,      0,       0,       0,       0,       0
total,         28194,    9308,     159,     530,     2.4,     2.0,     5.1,    11.4,    19.4,    26.1,    3.0,  0.03111,      0,      0,       0,       0,       0,       0
total,         37718,    9440,     186,     626,     2.4,     2.0,     4.9,     8.7,    16.0,    19.5,    4.0,  0.03209,      0,      0,       0,       0,       0,       0
total,         47169,    9285,     145,     457,     2.4,     2.0,     5.2,    10.0,    16.8,    22.9,    5.0,  0.04807,      0,      0,       0,       0,       0,       0
total,         56569,    9283,     167,     593,     2.4,     2.0,     5.1,     9.3,    22.1,    73.4,    6.1,  0.04089,      0,      0,       0,       0,       0,       0
total,         66079,    9367,     181,     665,     2.4,     1.9,     5.4,    10.9,    17.6,    42.2,    7.1,  0.04148,      0,      0,       0,       0,       0,       0
total,         75693,    9487,     157,     481,     2.4,     2.0,     4.7,     9.1,    31.5,    55.5,    8.1,  0.04209,      0,      0,       0,       0,       0,       0
total,         85261,    9464,     188,     680,     2.4,     2.0,     4.9,     8.8,    14.2,    37.7,    9.1,  0.04209,      0,      0,       0,       0,       0,       0
total,         94834,    9407,     164,     577,     2.4,     2.0,     4.9,     9.4,    14.5,    15.7,   10.1,  0.03789,      0,      0,       0,       0,       0,       0
total,        104406,    9446,     175,     590,     2.4,     2.0,     4.8,     8.2,    19.0,    38.9,   11.1,  0.03442,      0,      0,       0,       0,       0,       0
total,        113925,    9249,     177,     526,     2.4,     2.0,     4.8,    10.5,    25.5,    29.5,   12.2,  0.03264,      0,      0,       0,       0,       0,       0
total,        123322,    9263,     166,     543,     2.4,     2.0,     4.8,    10.3,    18.4,    37.4,   13.2,  0.03052,      0,      0,       0,       0,       0,       0
total,        132752,    9324,     172,     553,     2.4,     2.0,     5.1,    10.3,    20.0,    23.0,   14.2,  0.02850,      0,      0,       0,       0,       0,       0
total,        140698,    7817,     134,     504,     2.9,     2.0,     5.2,     9.5,   173.8,   174.9,   15.2,  0.02787,      0,      0,       0,       0,       0,       0
total,        150016,    9219,     154,     506,     2.4,     1.9,     5.7,    10.8,    18.7,    27.2,   16.2,  0.02710,      0,      0,       0,       0,       0,       0
total,        159346,    9241,     154,     555,     2.4,     1.9,     5.5,    11.8,    18.1,    22.6,   17.2,  0.02554,      0,      0,       0,       0,       0,       0
total,        168935,    9447,     173,     620,     2.4,     2.0,     5.1,     9.0,    14.7,    20.5,   18.2,  0.02461,      0,      0,       0,       0,       0,       0
total,        178436,    9392,     179,     560,     2.4,     2.0,     5.0,     9.1,    20.3,    28.7,   19.2,  0.02333,      0,      0,       0,       0,       0,       0
total,        187795,    9267,     160,     537,     2.4,     2.0,     5.3,    10.5,    15.8,    19.4,   20.3,  0.02235,      0,      0,       0,       0,       0,       0
total,        197312,    9416,     142,     496,     2.4,     2.0,     5.2,     9.4,    19.1,    31.5,   21.3,  0.02213,      0,      0,       0,       0,       0,       0
total,        206799,    9377,     163,     560,     2.4,     1.9,     5.1,     9.6,    24.2,    62.7,   22.3,  0.02113,      0,      0,       0,       0,       0,       0
total,        216437,    9392,     167,     532,     2.4,     2.0,     5.0,     9.8,    20.5,    31.9,   23.3,  0.02036,      0,      0,       0,       0,       0,       0
total,        225954,    9425,     161,     498,     2.4,     2.0,     5.1,     9.1,    17.5,    23.1,   24.3,  0.02010,      0,      0,       0,       0,       0,       0
total,        235342,    9292,     160,     524,     2.4,     2.0,     5.0,     9.2,    15.8,    45.8,   25.3,  0.01948,      0,      0,       0,       0,       0,       0
total,        244151,    8668,     164,     546,     2.6,     2.1,     5.9,    11.6,    18.1,    30.3,   26.3,  0.01876,      0,      0,       0,       0,       0,       0
total,        253163,    8894,     153,     493,     2.5,     2.1,     5.7,    10.4,    14.3,    19.8,   27.4,  0.01858,      0,      0,       0,       0,       0,       0
total,        261327,    8073,     144,     489,     2.8,     2.1,     6.7,    14.6,    37.8,    63.1,   28.4,  0.01845,      0,      0,       0,       0,       0,       0
total,        270583,    9124,     184,     598,     2.5,     2.0,     5.4,    11.3,    20.3,    30.5,   29.4,  0.01800,      0,      0,       0,       0,       0,       0
total,        279844,    9131,     182,     664,     2.5,     2.1,     5.1,     9.5,    14.2,    34.2,   30.4,  0.01850,      0,      0,       0,       0,       0,       0
total,        279946,    6417,     252,     692,     2.9,     2.5,     6.3,     8.2,    11.8,    11.8,   30.4,  0.01937,      0,      0,       0,       0,       0,       0


Results:
op rate                   : 9206 [timeline:9206]
partition rate            : 166 [timeline:166]
row rate                  : 556 [timeline:556]
latency mean              : 2.4 [timeline:2.4]
latency median            : 2.0 [timeline:2.0]
latency 95th percentile   : 5.0 [timeline:5.0]
latency 99th percentile   : 8.3 [timeline:8.3]
latency 99.9th percentile : 17.4 [timeline:17.4]
latency max               : 174.9 [timeline:174.9]
Total partitions          : 5035 [timeline:5035]
Total errors              : 0 [timeline:0]
total gc count            : 0
total gc mb               : 0
total gc time (s)         : 0
avg gc time(ms)           : NaN
stdev gc time(ms)         : 0
Total operation time      : 00:00:30
Improvement over 16 threadCount: 3%
Sleeping for 15s
Running with 36 threadCount
Running [timeline] with 36 threads until stderr of mean < 0.02
type,      total ops,    op/s,    pk/s,   row/s,    mean,     med,     .95,     .99,    .999,     max,   time,   stderr, errors,  gc: #,  max ms,  sum ms,  sdv ms,      mb
total,          9362,    9359,     184,     656,     3.7,     3.1,     7.5,    15.2,    52.4,    72.9,    1.0,  0.00000,      0,      0,       0,       0,       0,       0
total,         18782,    9333,     167,     568,     3.6,     3.0,     8.2,    15.6,    22.4,    34.3,    2.0,  0.05093,      0,      0,       0,       0,       0,       0
total,         28250,    9245,     168,     477,     3.7,     2.6,    10.4,    18.2,    28.6,    69.6,    3.0,  0.07458,      0,      0,       0,       0,       0,       0
total,         37699,    9322,     181,     578,     3.7,     3.1,     8.1,    15.1,    22.1,    30.9,    4.0,  0.05583,      0,      0,       0,       0,       0,       0
total,         47399,    9523,     161,     505,     3.6,     3.1,     8.2,    13.7,    19.1,    28.6,    5.1,  0.05025,      0,      0,       0,       0,       0,       0
total,         56719,    9154,     180,     636,     3.7,     3.0,     9.1,    15.7,    25.4,    38.0,    6.1,  0.04612,      0,      0,       0,       0,       0,       0
total,         66170,    9166,     167,     523,     3.7,     3.0,     9.0,    16.7,    27.5,    33.5,    7.1,  0.04151,      0,      0,       0,       0,       0,       0
total,         75649,    9283,     165,     624,     3.6,     3.1,     8.4,    14.1,    25.1,    36.8,    8.1,  0.03793,      0,      0,       0,       0,       0,       0
total,         85390,    9566,     160,     507,     3.6,     2.8,     9.2,    13.8,    23.0,    34.8,    9.2,  0.03615,      0,      0,       0,       0,       0,       0
total,         95238,    9673,     157,     508,     3.5,     2.9,     8.3,    14.7,    34.9,    49.9,   10.2,  0.03421,      0,      0,       0,       0,       0,       0
total,        104998,    9499,     186,     688,     3.6,     2.9,     8.7,    16.0,    22.0,    56.1,   11.2,  0.03631,      0,      0,       0,       0,       0,       0
total,        114719,    9558,     178,     594,     3.6,     3.0,     8.2,    14.7,    26.5,    51.5,   12.2,  0.03334,      0,      0,       0,       0,       0,       0
total,        124593,    9682,     164,     586,     3.5,     2.9,     8.1,    14.3,    25.2,    36.8,   13.2,  0.03077,      0,      0,       0,       0,       0,       0
total,        134169,    9385,     177,     560,     3.6,     2.9,     9.1,    14.7,    22.9,    25.6,   14.3,  0.02866,      0,      0,       0,       0,       0,       0
total,        143982,    9302,     161,     518,     3.7,     2.9,     9.2,    17.4,    41.0,    58.5,   15.3,  0.02762,      0,      0,       0,       0,       0,       0
total,        153971,    9619,     169,     625,     3.5,     2.7,     8.6,    18.4,    34.6,    80.9,   16.4,  0.02642,      0,      0,       0,       0,       0,       0
total,        162968,    8794,     146,     428,     3.9,     2.9,     8.1,    15.1,   109.6,   111.9,   17.4,  0.02914,      0,      0,       0,       0,       0,       0
total,        172685,    9531,     186,     716,     3.6,     2.9,     8.7,    14.6,    25.1,   101.8,   18.4,  0.03070,      0,      0,       0,       0,       0,       0
total,        182513,    9620,     163,     524,     3.6,     2.9,     8.4,    15.8,    27.0,    39.8,   19.4,  0.02954,      0,      0,       0,       0,       0,       0
total,        192290,    9601,     182,     648,     3.5,     2.8,     8.3,    16.2,    26.4,    39.4,   20.4,  0.02866,      0,      0,       0,       0,       0,       0
total,        202130,    9706,     192,     633,     3.5,     2.7,     9.1,    14.0,    20.7,    30.8,   21.4,  0.02759,      0,      0,       0,       0,       0,       0
total,        211875,    9623,     177,     644,     3.6,     3.0,     8.0,    13.4,    23.6,    58.3,   22.5,  0.02670,      0,      0,       0,       0,       0,       0
total,        221478,    9385,     153,     441,     3.6,     2.9,     8.3,    18.8,    41.5,    65.3,   23.5,  0.02778,      0,      0,       0,       0,       0,       0
total,        231290,    9616,     169,     534,     3.6,     3.0,     8.3,    13.3,    22.3,    27.5,   24.5,  0.02684,      0,      0,       0,       0,       0,       0
total,        241210,    9745,     163,     536,     3.5,     2.8,     8.3,    15.1,    32.0,    47.8,   25.5,  0.02595,      0,      0,       0,       0,       0,       0
total,        250839,    9490,     158,     523,     3.6,     2.9,     8.6,    15.4,    24.2,    33.8,   26.5,  0.02522,      0,      0,       0,       0,       0,       0
total,        260770,    9708,     172,     559,     3.5,     2.7,     8.8,    14.5,    27.2,    35.1,   27.6,  0.02431,      0,      0,       0,       0,       0,       0
total,        270619,    9670,     175,     510,     3.6,     2.9,     8.5,    13.4,    21.6,    52.9,   28.6,  0.02380,      0,      0,       0,       0,       0,       0
total,        280624,    9780,     173,     542,     3.5,     2.9,     8.1,    14.6,    33.7,    38.8,   29.6,  0.02306,      0,      0,       0,       0,       0,       0
total,        290214,    9448,     160,     624,     3.6,     2.8,     8.9,    14.8,    25.9,    36.2,   30.6,  0.02247,      0,      0,       0,       0,       0,       0
total,        300159,    9717,     171,     645,     3.6,     2.7,     9.0,    15.4,    32.7,    53.8,   31.6,  0.02208,      0,      0,       0,       0,       0,       0
total,        309843,    9532,     172,     606,     3.6,     3.0,     8.2,    13.8,    26.4,    31.4,   32.7,  0.02144,      0,      0,       0,       0,       0,       0
total,        319663,    9661,     180,     627,     3.5,     2.7,     8.5,    16.2,    44.6,   103.1,   33.7,  0.02093,      0,      0,       0,       0,       0,       0
total,        329263,    9441,     155,     472,     3.6,     2.9,     8.3,    17.5,    29.0,    41.4,   34.7,  0.02105,      0,      0,       0,       0,       0,       0
total,        339116,    9693,     171,     526,     3.5,     3.1,     7.5,    12.2,    18.2,    47.8,   35.7,  0.02061,      0,      0,       0,       0,       0,       0
total,        349048,    9781,     150,     490,     3.5,     2.9,     8.0,    13.5,    34.3,    43.3,   36.7,  0.02046,      0,      0,       0,       0,       0,       0
total,        358820,    9509,     153,     514,     3.6,     3.0,     8.2,    15.3,    24.4,    39.3,   37.7,  0.02011,      0,      0,       0,       0,       0,       0
total,        368649,    9466,     174,     609,     3.6,     2.9,     8.3,    15.9,    31.6,    37.3,   38.8,  0.01964,      0,      0,       0,       0,       0,       0
total,        368825,    8952,     102,     102,     4.1,     3.6,     8.4,    14.2,    14.6,    14.6,   38.8,  0.02884,      0,      0,       0,       0,       0,       0


Results:
op rate                   : 9504 [timeline:9504]
partition rate            : 169 [timeline:169]
row rate                  : 566 [timeline:566]
latency mean              : 3.6 [timeline:3.6]
latency median            : 2.9 [timeline:2.9]
latency 95th percentile   : 8.0 [timeline:8.0]
latency 99th percentile   : 13.2 [timeline:13.2]
latency 99.9th percentile : 24.4 [timeline:24.4]
latency max               : 111.9 [timeline:111.9]
Total partitions          : 6553 [timeline:6553]
Total errors              : 0 [timeline:0]
total gc count            : 0
total gc mb               : 0
total gc time (s)         : 0
avg gc time(ms)           : NaN
stdev gc time(ms)         : 0
Total operation time      : 00:00:38
Improvement over 24 threadCount: 3%
Sleeping for 15s
Running with 54 threadCount
Running [timeline] with 54 threads until stderr of mean < 0.02
type,      total ops,    op/s,    pk/s,   row/s,    mean,     med,     .95,     .99,    .999,     max,   time,   stderr, errors,  gc: #,  max ms,  sum ms,  sdv ms,      mb
total,          8542,    8540,     163,     566,     6.1,     3.8,    14.6,    29.1,   181.7,   198.7,    1.0,  0.00000,      0,      0,       0,       0,       0,       0
total,         18473,    9672,     180,     617,     5.4,     4.0,    14.4,    25.7,    65.0,    84.8,    2.0,  0.03030,      0,      0,       0,       0,       0,       0
total,         28309,    9499,     179,     583,     5.5,     4.1,    15.1,    24.4,    38.2,    45.9,    3.1,  0.02061,      0,      0,       0,       0,       0,       0
total,         38102,    9638,     158,     567,     5.4,     4.1,    14.8,    23.6,    47.3,    71.3,    4.1,  0.01755,      0,      0,       0,       0,       0,       0
total,         48187,    9736,     162,     554,     5.3,     3.8,    15.0,    25.2,    63.9,    93.0,    5.1,  0.01679,      0,      0,       0,       0,       0,       0
total,         57987,    9517,     177,     565,     5.5,     4.4,    14.2,    22.5,    34.7,    41.1,    6.1,  0.01441,      0,      0,       0,       0,       0,       0
total,         67879,    9665,     183,     639,     5.4,     4.4,    13.6,    21.9,    36.3,    67.3,    7.2,  0.01885,      0,      0,       0,       0,       0,       0
total,         77509,    9422,     176,     646,     5.5,     4.1,    15.2,    24.6,    36.2,    69.5,    8.2,  0.02030,      0,      0,       0,       0,       0,       0
total,         87546,    9668,     181,     627,     5.4,     4.1,    14.9,    23.0,    51.2,    63.2,    9.2,  0.01895,      0,      0,       0,       0,       0,       0
total,         97507,    9667,     166,     591,     5.4,     4.3,    14.1,    22.2,    34.2,    72.3,   10.3,  0.01709,      0,      0,       0,       0,       0,       0
total,        107533,    9633,     156,     523,     5.4,     3.1,    17.7,    30.7,    62.6,    68.8,   11.3,  0.01902,      0,      0,       0,       0,       0,       0
total,        117465,    9666,     197,     732,     5.4,     3.7,    15.3,    24.9,    41.1,    55.9,   12.3,  0.02555,      0,      0,       0,       0,       0,       0
total,        127344,    9656,     179,     558,     5.4,     4.0,    15.1,    23.0,    40.3,    92.6,   13.3,  0.02429,      0,      0,       0,       0,       0,       0
total,        137281,    9663,     170,     553,     5.4,     3.7,    15.4,    22.1,    33.5,    40.0,   14.4,  0.02325,      0,      0,       0,       0,       0,       0
total,        147208,    9715,     186,     652,     5.4,     3.9,    14.6,    22.0,    34.5,    52.7,   15.4,  0.02243,      0,      0,       0,       0,       0,       0
total,        157295,    9722,     149,     488,     5.4,     3.9,    14.4,    24.1,    36.8,    53.8,   16.4,  0.02409,      0,      0,       0,       0,       0,       0
total,        167341,    9718,     174,     520,     5.4,     3.8,    14.9,    24.1,    47.5,    54.9,   17.5,  0.02385,      0,      0,       0,       0,       0,       0
total,        177144,    9457,     152,     517,     5.5,     4.2,    13.9,    26.2,    37.2,    44.3,   18.5,  0.02358,      0,      0,       0,       0,       0,       0
total,        187333,    9910,     179,     579,     5.2,     3.5,    14.7,    23.5,    56.2,    62.0,   19.5,  0.02235,      0,      0,       0,       0,       0,       0
total,        197511,    9697,     175,     587,     5.4,     4.3,    13.2,    22.4,    94.4,   108.9,   20.6,  0.02123,      0,      0,       0,       0,       0,       0
total,        207653,    9475,     175,     616,     5.5,     4.1,    14.6,    25.5,    56.4,    87.2,   21.7,  0.02033,      0,      0,       0,       0,       0,       0
total,        217817,    9698,     198,     672,     5.3,     3.9,    14.8,    22.7,    34.5,    48.1,   22.7,  0.02036,      0,      0,       0,       0,       0,       0
total,        227726,    9575,     176,     573,     5.4,     4.0,    15.2,    22.8,    33.2,    73.3,   23.7,  0.01953,      0,      0,       0,       0,       0,       0
total,        237707,    9753,     183,     660,     5.3,     3.7,    15.5,    28.6,    96.8,   105.2,   24.8,  0.01927,      0,      0,       0,       0,       0,       0
total,        247677,    9712,     171,     610,     5.4,     4.4,    13.4,    20.6,    34.8,    48.4,   25.8,  0.01852,      0,      0,       0,       0,       0,       0
total,        257531,    9656,     173,     526,     5.4,     4.0,    15.0,    25.0,    37.4,    49.2,   26.8,  0.01837,      0,      0,       0,       0,       0,       0
total,        267531,    9646,     168,     547,     5.4,     4.0,    14.7,    24.1,    45.2,    62.1,   27.8,  0.01793,      0,      0,       0,       0,       0,       0
total,        277392,    9691,     188,     632,     5.4,     4.2,    14.2,    20.5,    31.9,    35.8,   28.9,  0.01744,      0,      0,       0,       0,       0,       0
total,        287249,    9618,     182,     604,     5.4,     4.3,    14.5,    22.3,    45.4,    57.9,   29.9,  0.01684,      0,      0,       0,       0,       0,       0
total,        296998,    9539,     147,     511,     5.5,     4.2,    14.7,    24.0,    43.0,   129.4,   30.9,  0.01694,      0,      0,       0,       0,       0,       0
total,        297246,    8499,     171,     377,     6.5,     5.6,    13.4,    20.3,    20.9,    20.9,   30.9,  0.02018,      0,      0,       0,       0,       0,       0


Results:
op rate                   : 9607 [timeline:9607]
partition rate            : 173 [timeline:173]
row rate                  : 587 [timeline:587]
latency mean              : 5.4 [timeline:5.4]
latency median            : 4.0 [timeline:4.0]
latency 95th percentile   : 14.2 [timeline:14.2]
latency 99th percentile   : 22.4 [timeline:22.4]
latency 99.9th percentile : 48.0 [timeline:48.0]
latency max               : 198.7 [timeline:198.7]
Total partitions          : 5367 [timeline:5367]
Total errors              : 0 [timeline:0]
total gc count            : 0
total gc mb               : 0
total gc time (s)         : 0
avg gc time(ms)           : NaN
stdev gc time(ms)         : 0
Total operation time      : 00:00:30
Improvement over 36 threadCount: 1%
Sleeping for 15s
Running with 81 threadCount
Running [timeline] with 81 threads until stderr of mean < 0.02
type,      total ops,    op/s,    pk/s,   row/s,    mean,     med,     .95,     .99,    .999,     max,   time,   stderr, errors,  gc: #,  max ms,  sum ms,  sdv ms,      mb
total,          8337,    8335,     137,     434,     9.6,     5.3,    25.5,    75.1,   203.8,   222.4,    1.0,  0.00000,      0,      0,       0,       0,       0,       0
total,         18695,    9819,     161,     512,     8.0,     5.1,    23.6,    38.5,   168.5,   184.8,    2.1,  0.05832,      0,      0,       0,       0,       0,       0
total,         28804,    9773,     155,     499,     8.1,     4.2,    26.9,    56.6,   140.1,   174.4,    3.1,  0.04091,      0,      0,       0,       0,       0,       0
total,         38791,    9640,     169,     601,     8.2,     5.5,    25.3,    39.5,    97.4,   105.8,    4.1,  0.05837,      0,      0,       0,       0,       0,       0
total,         48874,    9756,     160,     542,     8.1,     4.1,    28.4,    52.7,    74.9,    97.4,    5.2,  0.04732,      0,      0,       0,       0,       0,       0
total,         59188,    9800,     170,     662,     8.1,     4.4,    28.4,    45.9,    72.6,   125.9,    6.2,  0.05542,      0,      0,       0,       0,       0,       0
total,         69235,    9631,     140,     458,     8.2,     4.8,    27.0,    44.6,    64.7,    83.8,    7.3,  0.05286,      0,      0,       0,       0,       0,       0
total,         79277,    9681,     165,     553,     8.2,     4.9,    25.8,    42.2,    55.1,    76.2,    8.3,  0.04628,      0,      0,       0,       0,       0,       0
total,         89222,    9672,     170,     571,     8.2,     5.0,    25.6,    40.0,    52.2,    70.7,    9.3,  0.04149,      0,      0,       0,       0,       0,       0
total,         99377,    9671,     182,     656,     8.2,     4.5,    28.0,    48.1,    89.1,    94.5,   10.4,  0.04194,      0,      0,       0,       0,       0,       0
total,        109327,    9673,     178,     610,     8.1,     3.7,    27.4,    56.8,    83.9,   110.5,   11.4,  0.03895,      0,      0,       0,       0,       0,       0
total,        119722,    9789,     166,     567,     8.1,     4.9,    25.8,    42.8,    60.9,    82.9,   12.5,  0.03568,      0,      0,       0,       0,       0,       0
total,        129963,    9922,     176,     630,     8.0,     3.6,    26.9,    46.0,    86.0,   102.9,   13.5,  0.03404,      0,      0,       0,       0,       0,       0
total,        140053,    9723,     173,     615,     8.1,     3.7,    30.2,    46.3,    71.0,    85.6,   14.5,  0.03206,      0,      0,       0,       0,       0,       0
total,        150372,    9955,     172,     643,     7.9,     3.8,    26.8,    48.4,    85.6,   110.0,   15.6,  0.03092,      0,      0,       0,       0,       0,       0
total,        160384,    9746,     166,     602,     8.1,     5.3,    24.6,    46.5,    61.2,    70.9,   16.6,  0.02908,      0,      0,       0,       0,       0,       0
total,        170414,    9735,     158,     513,     8.1,     4.6,    25.6,    46.2,    63.9,    70.1,   17.6,  0.02816,      0,      0,       0,       0,       0,       0
total,        180441,    9781,     168,     597,     8.0,     4.5,    25.6,    40.6,    77.6,    93.4,   18.6,  0.02665,      0,      0,       0,       0,       0,       0
total,        190613,    9803,     184,     672,     8.1,     5.1,    24.7,    36.3,    52.6,    56.6,   19.7,  0.02659,      0,      0,       0,       0,       0,       0
total,        200802,    9691,     146,     479,     8.1,     4.6,    26.2,    43.9,    63.1,    75.9,   20.7,  0.02677,      0,      0,       0,       0,       0,       0
total,        211273,    9830,     186,     654,     8.1,     4.8,    25.8,    40.0,    69.5,    80.8,   21.8,  0.02620,      0,      0,       0,       0,       0,       0
total,        221437,    9641,     181,     565,     8.2,     3.6,    30.1,    57.6,    84.1,    96.7,   22.9,  0.02504,      0,      0,       0,       0,       0,       0
total,        231892,    9987,     191,     660,     7.9,     4.2,    25.2,    44.4,    81.2,   101.6,   23.9,  0.02462,      0,      0,       0,       0,       0,       0
total,        242080,    9602,     172,     585,     8.2,     5.3,    26.6,    40.2,    75.2,    90.5,   25.0,  0.02359,      0,      0,       0,       0,       0,       0
total,        252309,    9844,     180,     554,     8.0,     4.6,    24.5,    42.4,    69.6,    82.1,   26.0,  0.02274,      0,      0,       0,       0,       0,       0
total,        262686,    9826,     166,     508,     8.0,     4.6,    27.1,    44.9,    62.5,    72.1,   27.1,  0.02243,      0,      0,       0,       0,       0,       0
total,        272478,    9458,     146,     473,     8.3,     5.2,    27.0,    39.7,    64.5,    83.6,   28.1,  0.02268,      0,      0,       0,       0,       0,       0
total,        282508,    9771,     160,     533,     8.1,     5.0,    26.2,    39.2,    60.7,    75.4,   29.1,  0.02205,      0,      0,       0,       0,       0,       0
total,        292702,    9790,     183,     553,     8.1,     5.4,    23.8,    34.7,    64.1,    71.0,   30.2,  0.02133,      0,      0,       0,       0,       0,       0
total,        302783,    9549,     197,     693,     8.2,     4.6,    27.5,    44.8,    60.1,    65.7,   31.2,  0.02167,      0,      0,       0,       0,       0,       0
total,        313128,    9898,     165,     566,     8.0,     4.5,    24.7,    37.2,    69.7,    92.6,   32.3,  0.02098,      0,      0,       0,       0,       0,       0
total,        323104,    9553,     150,     508,     8.3,     4.8,    28.7,    51.8,    75.9,    86.9,   33.3,  0.02070,      0,      0,       0,       0,       0,       0
total,        333165,    9689,     175,     506,     8.2,     5.2,    24.9,    45.1,    73.1,    96.1,   34.3,  0.02043,      0,      0,       0,       0,       0,       0
total,        343585,    9849,     177,     591,     8.0,     4.4,    26.5,    40.6,   110.7,   125.3,   35.4,  0.01984,      0,      0,       0,       0,       0,       0
total,        344029,    8499,      77,     268,    10.4,     7.5,    30.2,    38.1,    48.0,    48.0,   35.5,  0.02474,      0,      0,       0,       0,       0,       0


Results:
op rate                   : 9702 [timeline:9702]
partition rate            : 168 [timeline:168]
row rate                  : 569 [timeline:569]
latency mean              : 8.1 [timeline:8.1]
latency median            : 4.6 [timeline:4.6]
latency 95th percentile   : 25.0 [timeline:25.0]
latency 99th percentile   : 40.0 [timeline:40.0]
latency 99.9th percentile : 82.0 [timeline:82.0]
latency max               : 222.4 [timeline:222.4]
Total partitions          : 5968 [timeline:5968]
Total errors              : 0 [timeline:0]
total gc count            : 0
total gc mb               : 0
total gc time (s)         : 0
avg gc time(ms)           : NaN
stdev gc time(ms)         : 0
Total operation time      : 00:00:35
Improvement over 54 threadCount: 1%
Sleeping for 15s
Running with 121 threadCount
Running [timeline] with 121 threads until stderr of mean < 0.02
type,      total ops,    op/s,    pk/s,   row/s,    mean,     med,     .95,     .99,    .999,     max,   time,   stderr, errors,  gc: #,  max ms,  sum ms,  sdv ms,      mb
total,          7838,    7836,     134,     438,    15.1,     7.5,    42.6,   239.8,   346.1,   351.1,    1.0,  0.00000,      0,      0,       0,       0,       0,       0
total,         18016,    9739,     194,     674,    12.2,     7.6,    40.3,    62.6,    79.4,    89.7,    2.0,  0.15000,      0,      0,       0,       0,       0,       0
total,         28156,    9549,     172,     549,    12.3,     7.7,    40.5,    66.0,   116.8,   122.1,    3.1,  0.10046,      0,      0,       0,       0,       0,       0
total,         38399,    9725,     162,     555,    12.2,     6.2,    42.3,    66.0,    88.0,   111.6,    4.2,  0.07528,      0,      0,       0,       0,       0,       0
total,         48647,    9578,     174,     609,    12.6,     5.9,    45.7,    69.4,   100.2,   142.6,    5.2,  0.06159,      0,      0,       0,       0,       0,       0
total,         59291,    9715,     157,     539,    12.2,     6.9,    41.0,    60.5,    77.9,    86.7,    6.3,  0.05223,      0,      0,       0,       0,       0,       0
total,         69538,    9614,     171,     599,    12.4,     7.4,    39.8,    59.8,    82.8,    99.8,    7.4,  0.04522,      0,      0,       0,       0,       0,       0
total,         79734,    9673,     155,     570,    12.0,     6.4,    41.4,    59.9,    83.1,    95.8,    8.4,  0.03954,      0,      0,       0,       0,       0,       0
total,         90235,    9756,     172,     568,    12.2,     7.5,    40.6,    72.4,    97.4,   105.9,    9.5,  0.03514,      0,      0,       0,       0,       0,       0
total,        100306,    9654,     158,     527,    12.2,     6.3,    41.6,    68.0,    83.4,    94.4,   10.6,  0.03254,      0,      0,       0,       0,       0,       0
total,        110932,    9783,     145,     533,    11.9,     5.7,    42.6,    60.6,   102.6,   127.1,   11.7,  0.03007,      0,      0,       0,       0,       0,       0
total,        121471,    9443,     180,     640,    12.9,     7.8,    41.5,    66.6,    99.7,   120.9,   12.8,  0.02946,      0,      0,       0,       0,       0,       0
total,        131684,    9805,     177,     629,    12.0,     5.9,    40.4,    63.1,    85.4,   121.4,   13.8,  0.02814,      0,      0,       0,       0,       0,       0
total,        141667,    9581,     153,     530,    12.4,     7.1,    42.6,    60.9,   104.6,   120.4,   14.9,  0.02675,      0,      0,       0,       0,       0,       0
total,        151909,    9773,     172,     636,    12.2,     7.3,    41.8,    65.5,   104.1,   128.2,   15.9,  0.02592,      0,      0,       0,       0,       0,       0
total,        162413,    9619,     171,     607,    12.3,     5.9,    41.6,    61.4,    99.8,   114.3,   17.0,  0.02447,      0,      0,       0,       0,       0,       0
total,        173215,   10024,     198,     636,    11.9,     5.4,    47.2,    64.1,    90.3,   110.7,   18.1,  0.02366,      0,      0,       0,       0,       0,       0
total,        183277,    9485,     151,     615,    12.5,     7.2,    43.1,    63.2,    87.9,   102.2,   19.1,  0.02252,      0,      0,       0,       0,       0,       0
total,        193698,    9629,     181,     645,    12.3,     6.4,    44.5,    80.1,   113.8,   131.6,   20.2,  0.02194,      0,      0,       0,       0,       0,       0
total,        203721,    9556,     177,     605,    12.3,     7.0,    41.6,    65.1,    86.1,   130.6,   21.3,  0.02088,      0,      0,       0,       0,       0,       0
total,        213918,    9748,     178,     602,    12.3,     7.1,    40.5,    59.8,    80.6,   104.7,   22.3,  0.01991,      0,      0,       0,       0,       0,       0
total,        224062,    9679,     163,     614,    12.3,     8.0,    38.5,    54.9,    74.9,    97.1,   23.4,  0.01908,      0,      0,       0,       0,       0,       0
total,        235471,    9712,     171,     649,    12.2,     5.2,    44.1,    65.7,    98.1,   107.9,   24.5,  0.01870,      0,      0,       0,       0,       0,       0
total,        245925,    9573,     184,     614,    12.4,     6.5,    42.5,    61.7,    93.7,   105.5,   25.6,  0.01797,      0,      0,       0,       0,       0,       0
total,        256819,    9821,     155,     531,    12.1,     6.3,    40.5,    65.1,    93.7,   110.6,   26.7,  0.01777,      0,      0,       0,       0,       0,       0
total,        266649,    9417,     165,     573,    12.6,     8.0,    40.0,    61.4,    84.5,    92.7,   27.8,  0.01714,      0,      0,       0,       0,       0,       0
total,        277279,    9844,     195,     658,    12.0,     5.6,    42.2,    58.5,    72.7,    80.2,   28.9,  0.01699,      0,      0,       0,       0,       0,       0
total,        287366,    9543,     174,     557,    12.5,     6.7,    42.7,    62.5,   105.6,   111.4,   29.9,  0.01654,      0,      0,       0,       0,       0,       0
total,        297704,    9789,     163,     564,    12.3,     6.4,    41.2,    65.4,   113.8,   138.5,   31.0,  0.01605,      0,      0,       0,       0,       0,       0
total,        307720,    9673,     174,     536,    12.2,     5.7,    42.5,    61.2,    82.1,    89.4,   32.0,  0.01584,      0,      0,       0,       0,       0,       0
total,        309065,    8354,     130,     354,    14.8,    10.0,    43.5,    54.8,    72.0,    77.3,   32.2,  0.02009,      0,      0,       0,       0,       0,       0


Results:
op rate                   : 9609 [timeline:9609]
partition rate            : 169 [timeline:169]
row rate                  : 586 [timeline:586]
latency mean              : 12.4 [timeline:12.4]
latency median            : 6.7 [timeline:6.7]
latency 95th percentile   : 40.1 [timeline:40.1]
latency 99th percentile   : 59.2 [timeline:59.2]
latency 99.9th percentile : 98.0 [timeline:98.0]
latency max               : 351.1 [timeline:351.1]
Total partitions          : 5438 [timeline:5438]
Total errors              : 0 [timeline:0]
total gc count            : 0
total gc mb               : 0
total gc time (s)         : 0
avg gc time(ms)           : NaN
stdev gc time(ms)         : 0
Total operation time      : 00:00:32
Improvement over 81 threadCount: -1%
Sleeping for 15s
             id, type,      total ops,    op/s,    pk/s,   row/s,    mean,     med,     .95,     .99,    .999,     max,   time,   stderr, errors,  gc: #,  max ms,  sum ms,  sdv ms,      mb
  4 threadCount, timeline,     237566,    4072,      73,     248,     0.8,     0.8,     1.0,     1.5,     4.1,    54.7,   58.3,  0.02609,      0,      0,       0,       0,       0,       0
  4 threadCount, total,        237566,    4072,      73,     248,     0.8,     0.8,     1.0,     1.5,     4.1,    54.7,   58.3,  0.02609,      0,      0,       0,       0,       0,       0
  8 threadCount, timeline,     212028,    7021,     126,     427,     1.0,     0.9,     1.5,     2.1,     8.2,    39.0,   30.2,  0.03720,      0,      0,       0,       0,       0,       0
  8 threadCount, total,        212028,    7021,     126,     427,     1.0,     0.9,     1.5,     2.1,     8.2,    39.0,   30.2,  0.03720,      0,      0,       0,       0,       0,       0
 16 threadCount, timeline,     270039,    8917,     159,     552,     1.6,     1.4,     3.1,     4.4,    11.7,   149.8,   30.3,  0.03369,      0,      0,       0,       0,       0,       0
 16 threadCount, total,        270039,    8917,     159,     552,     1.6,     1.4,     3.1,     4.4,    11.7,   149.8,   30.3,  0.03369,      0,      0,       0,       0,       0,       0
 24 threadCount, timeline,     279946,    9206,     166,     556,     2.4,     2.0,     5.0,     8.3,    17.4,   174.9,   30.4,  0.01937,      0,      0,       0,       0,       0,       0
 24 threadCount, total,        279946,    9206,     166,     556,     2.4,     2.0,     5.0,     8.3,    17.4,   174.9,   30.4,  0.01937,      0,      0,       0,       0,       0,       0
 36 threadCount, timeline,     368825,    9504,     169,     566,     3.6,     2.9,     8.0,    13.2,    24.4,   111.9,   38.8,  0.02884,      0,      0,       0,       0,       0,       0
 36 threadCount, total,        368825,    9504,     169,     566,     3.6,     2.9,     8.0,    13.2,    24.4,   111.9,   38.8,  0.02884,      0,      0,       0,       0,       0,       0
 54 threadCount, timeline,     297246,    9607,     173,     587,     5.4,     4.0,    14.2,    22.4,    48.0,   198.7,   30.9,  0.02018,      0,      0,       0,       0,       0,       0
 54 threadCount, total,        297246,    9607,     173,     587,     5.4,     4.0,    14.2,    22.4,    48.0,   198.7,   30.9,  0.02018,      0,      0,       0,       0,       0,       0
 81 threadCount, timeline,     344029,    9702,     168,     569,     8.1,     4.6,    25.0,    40.0,    82.0,   222.4,   35.5,  0.02474,      0,      0,       0,       0,       0,       0
 81 threadCount, total,        344029,    9702,     168,     569,     8.1,     4.6,    25.0,    40.0,    82.0,   222.4,   35.5,  0.02474,      0,      0,       0,       0,       0,       0
121 threadCount, timeline,     309065,    9609,     169,     586,    12.4,     6.7,    40.1,    59.2,    98.0,   351.1,   32.2,  0.02009,      0,      0,       0,       0,       0,       0
121 threadCount, total,        309065,    9609,     169,     586,    12.4,     6.7,    40.1,    59.2,    98.0,   351.1,   32.2,  0.02009,      0,      0,       0,       0,       0,       0
END
