INFO  22:30:58 Did not find Netty's native epoll transport in the classpath, defaulting to NIO.
INFO  22:30:58 Using data-center name 'datacenter1' for DCAwareRoundRobinPolicy (if this is incorrect, please provide the correct datacenter name with DCAwareRoundRobinPolicy constructor)
INFO  22:30:58 New Cassandra host /192.168.2.54:9042 added
INFO  22:30:58 New Cassandra host /192.168.2.55:9042 added
Connected to cluster: MalungoCluster
Datatacenter: datacenter1; Host: /192.168.2.54; Rack: rack1
Datatacenter: datacenter1; Host: /192.168.2.55; Rack: rack1
Created schema. Sleeping 2s for propagation.
Sleeping 2s...
Warming up timeline with 100000 iterations...
WARNING: uncertainty mode (err<) results in uneven workload between thread runs, so should be used for high level analysis only
Running with 4 threadCount
Running [timeline] with 4 threads until stderr of mean < 0.02
type,      total ops,    op/s,    pk/s,   row/s,    mean,     med,     .95,     .99,    .999,     max,   time,   stderr, errors,  gc: #,  max ms,  sum ms,  sdv ms,      mb
total,          2954,    2953,      38,     197,     1.1,     0.9,     2.3,     5.3,    13.0,    32.3,    1.0,  0.00000,      0,      0,       0,       0,       0,       0
total,          6915,    3948,      48,     261,     0.8,     0.7,     1.1,     2.3,    16.4,    23.1,    2.0,  0.09916,      0,      0,       0,       0,       0,       0
total,         11050,    4121,      55,     294,     0.8,     0.7,     1.1,     1.9,     4.3,     6.1,    3.0,  0.09288,      0,      0,       0,       0,       0,       0
total,         14916,    3845,      29,     149,     0.8,     0.8,     1.3,     2.5,    12.1,    15.1,    4.0,  0.12364,      0,      0,       0,       0,       0,       0
total,         18872,    3945,      39,     194,     0.8,     0.7,     1.3,     2.5,     6.4,     7.2,    5.0,  0.10484,      0,      0,       0,       0,       0,       0
total,         22740,    3855,      45,     211,     0.8,     0.8,     1.3,     2.3,     8.0,    10.1,    6.0,  0.08808,      0,      0,       0,       0,       0,       0
total,         26783,    4029,      48,     257,     0.8,     0.7,     1.2,     2.2,     7.7,    12.8,    7.0,  0.07737,      0,      0,       0,       0,       0,       0
total,         30945,    4142,      51,     267,     0.8,     0.7,     1.1,     1.9,     4.4,     8.8,    8.0,  0.06964,      0,      0,       0,       0,       0,       0
total,         34008,    3048,      38,     168,     1.1,     0.7,     1.1,     1.7,   280.1,   280.8,    9.0,  0.06181,      0,      0,       0,       0,       0,       0
total,         37967,    3940,      49,     199,     0.8,     0.7,     1.2,     2.3,    11.6,    13.8,   10.0,  0.05755,      0,      0,       0,       0,       0,       0
total,         42101,    4114,      44,     222,     0.8,     0.7,     1.1,     2.1,     5.3,     9.9,   11.0,  0.05245,      0,      0,       0,       0,       0,       0
total,         46347,    4225,      51,     273,     0.8,     0.7,     1.1,     1.8,     4.2,     4.8,   12.0,  0.04993,      0,      0,       0,       0,       0,       0
total,         50516,    4146,      53,     203,     0.8,     0.7,     1.1,     2.3,     7.6,    15.2,   13.1,  0.04735,      0,      0,       0,       0,       0,       0
total,         54771,    4225,      59,     222,     0.8,     0.7,     1.1,     2.4,     9.3,    10.7,   14.1,  0.04408,      0,      0,       0,       0,       0,       0
total,         58266,    3474,      37,     215,     1.0,     0.8,     1.9,     5.4,    12.8,    16.5,   15.1,  0.04146,      0,      0,       0,       0,       0,       0
total,         62037,    3750,      47,     205,     0.9,     0.7,     1.4,     3.8,    14.8,    16.1,   16.1,  0.03940,      0,      0,       0,       0,       0,       0
total,         66042,    3981,      38,     174,     0.8,     0.7,     1.2,     2.7,     5.1,     7.6,   17.1,  0.03986,      0,      0,       0,       0,       0,       0
total,         69705,    3645,      58,     296,     0.9,     0.8,     1.7,     3.5,     7.2,     9.5,   18.1,  0.04085,      0,      0,       0,       0,       0,       0
total,         73857,    4125,      36,     170,     0.8,     0.7,     1.1,     1.9,     3.5,     4.7,   19.1,  0.04132,      0,      0,       0,       0,       0,       0
total,         77681,    3803,      33,     188,     0.9,     0.7,     1.6,     2.9,     6.4,    11.4,   20.1,  0.04034,      0,      0,       0,       0,       0,       0
total,         81739,    4036,      44,     207,     0.8,     0.7,     1.2,     2.4,     5.1,     6.7,   21.1,  0.03867,      0,      0,       0,       0,       0,       0
total,         85751,    3985,      46,     249,     0.8,     0.7,     1.2,     2.2,     5.9,     7.5,   22.1,  0.03717,      0,      0,       0,       0,       0,       0
total,         89889,    4116,      50,     272,     0.8,     0.7,     1.1,     2.0,     4.5,    11.4,   23.1,  0.03641,      0,      0,       0,       0,       0,       0
total,         94026,    4113,      40,     220,     0.8,     0.7,     1.1,     1.8,     4.6,    15.6,   24.1,  0.03492,      0,      0,       0,       0,       0,       0
total,         98200,    4150,      42,     209,     0.8,     0.7,     1.1,     2.0,     5.2,    13.6,   25.1,  0.03373,      0,      0,       0,       0,       0,       0
total,        102370,    4134,      34,     168,     0.8,     0.7,     1.1,     2.1,     5.6,     8.9,   26.1,  0.03412,      0,      0,       0,       0,       0,       0
total,        106485,    4091,      51,     270,     0.8,     0.7,     1.1,     2.0,     6.0,    12.9,   27.1,  0.03365,      0,      0,       0,       0,       0,       0
total,        110740,    4188,      46,     218,     0.8,     0.7,     1.1,     1.9,     4.3,    11.5,   28.2,  0.03249,      0,      0,       0,       0,       0,       0
total,        114797,    4031,      44,     230,     0.8,     0.7,     1.2,     2.2,     4.8,     5.5,   29.2,  0.03136,      0,      0,       0,       0,       0,       0
total,        118728,    3909,      51,     251,     0.8,     0.7,     1.3,     2.6,     8.0,    14.0,   30.2,  0.03045,      0,      0,       0,       0,       0,       0
total,        122630,    3853,      46,     234,     0.8,     0.7,     1.3,     2.8,    10.0,    15.9,   31.2,  0.02945,      0,      0,       0,       0,       0,       0
total,        126728,    4076,      37,     176,     0.8,     0.7,     1.1,     2.2,     5.0,     7.6,   32.2,  0.02950,      0,      0,       0,       0,       0,       0
total,        130654,    3901,      42,     229,     0.8,     0.7,     1.2,     2.8,    12.6,    13.6,   33.2,  0.02860,      0,      0,       0,       0,       0,       0
total,        134778,    4097,      39,     170,     0.8,     0.7,     1.1,     2.1,     5.3,     5.5,   34.2,  0.02882,      0,      0,       0,       0,       0,       0
total,        138834,    4032,      55,     315,     0.8,     0.7,     1.2,     2.2,     5.3,    15.7,   35.2,  0.03019,      0,      0,       0,       0,       0,       0
total,        142888,    4031,      46,     244,     0.8,     0.7,     1.1,     2.2,     8.4,    17.6,   36.2,  0.02938,      0,      0,       0,       0,       0,       0
total,        146669,    3758,      43,     214,     0.9,     0.7,     1.4,     4.4,    11.6,    17.4,   37.2,  0.02865,      0,      0,       0,       0,       0,       0
total,        150719,    4028,      42,     179,     0.8,     0.7,     1.2,     2.1,     5.0,     5.5,   38.2,  0.02855,      0,      0,       0,       0,       0,       0
total,        154654,    3913,      44,     224,     0.8,     0.7,     1.3,     2.5,     5.1,     5.8,   39.2,  0.02782,      0,      0,       0,       0,       0,       0
total,        158671,    3987,      60,     304,     0.8,     0.7,     1.2,     2.2,     4.7,     7.6,   40.2,  0.02827,      0,      0,       0,       0,       0,       0
total,        162742,    4032,      43,     240,     0.8,     0.7,     1.1,     2.2,     9.5,    11.9,   41.2,  0.02758,      0,      0,       0,       0,       0,       0
total,        166622,    3856,      53,     283,     0.8,     0.8,     1.4,     2.4,     4.1,     4.9,   42.2,  0.02741,      0,      0,       0,       0,       0,       0
total,        170754,    4108,      52,     216,     0.8,     0.7,     1.1,     2.0,     5.4,     8.2,   43.3,  0.02682,      0,      0,       0,       0,       0,       0
total,        174850,    4073,      43,     220,     0.8,     0.7,     1.1,     2.2,     5.3,    16.1,   44.3,  0.02623,      0,      0,       0,       0,       0,       0
total,        178935,    4054,      54,     262,     0.8,     0.7,     1.2,     2.1,     5.7,     9.9,   45.3,  0.02580,      0,      0,       0,       0,       0,       0
total,        183156,    4185,      47,     235,     0.8,     0.7,     1.1,     1.9,     4.8,     9.5,   46.3,  0.02523,      0,      0,       0,       0,       0,       0
total,        187319,    4141,      41,     190,     0.8,     0.7,     1.1,     2.0,     4.4,     8.5,   47.3,  0.02503,      0,      0,       0,       0,       0,       0
total,        191544,    4199,      49,     258,     0.8,     0.7,     1.0,     2.0,     3.7,     5.9,   48.3,  0.02460,      0,      0,       0,       0,       0,       0
total,        195546,    3979,      43,     190,     0.8,     0.7,     1.2,     2.3,     5.4,    11.6,   49.3,  0.02442,      0,      0,       0,       0,       0,       0
total,        199724,    4152,      40,     197,     0.8,     0.7,     1.1,     1.8,     9.8,    16.0,   50.3,  0.02411,      0,      0,       0,       0,       0,       0
total,        203947,    4200,      40,     213,     0.8,     0.7,     1.1,     1.9,     4.5,     5.9,   51.3,  0.02370,      0,      0,       0,       0,       0,       0
total,        208099,    4129,      47,     229,     0.8,     0.7,     1.1,     1.8,     6.6,    12.9,   52.3,  0.02323,      0,      0,       0,       0,       0,       0
total,        212340,    4218,      52,     259,     0.8,     0.7,     1.1,     1.8,     3.9,     6.1,   53.3,  0.02289,      0,      0,       0,       0,       0,       0
total,        216518,    4153,      52,     301,     0.8,     0.7,     1.1,     2.0,     4.2,     5.6,   54.3,  0.02311,      0,      0,       0,       0,       0,       0
total,        220592,    4050,      43,     235,     0.8,     0.7,     1.1,     2.2,     5.7,     6.5,   55.3,  0.02268,      0,      0,       0,       0,       0,       0
total,        224797,    4182,      56,     257,     0.8,     0.7,     1.1,     1.8,     4.9,     5.4,   56.3,  0.02234,      0,      0,       0,       0,       0,       0
total,        229027,    4206,      33,     153,     0.8,     0.7,     1.0,     1.5,     5.3,    10.2,   57.3,  0.02282,      0,      0,       0,       0,       0,       0
total,        233200,    4150,      55,     292,     0.8,     0.7,     1.1,     1.8,     5.8,    12.6,   58.3,  0.02288,      0,      0,       0,       0,       0,       0
total,        237373,    4150,      55,     292,     0.8,     0.7,     1.1,     2.0,     4.5,     5.3,   59.4,  0.02287,      0,      0,       0,       0,       0,       0
total,        241494,    4102,      60,     298,     0.8,     0.7,     1.1,     2.0,     5.5,    16.4,   60.4,  0.02295,      0,      0,       0,       0,       0,       0
total,        245640,    4111,      49,     237,     0.8,     0.7,     1.1,     2.1,     5.0,     9.0,   61.4,  0.02257,      0,      0,       0,       0,       0,       0
total,        249865,    4204,      52,     258,     0.8,     0.7,     1.1,     1.8,     4.2,     5.3,   62.4,  0.02224,      0,      0,       0,       0,       0,       0
total,        254098,    4210,      47,     222,     0.8,     0.7,     1.0,     1.9,     4.9,     6.8,   63.4,  0.02191,      0,      0,       0,       0,       0,       0
total,        258168,    4047,      53,     274,     0.8,     0.7,     1.2,     2.1,     6.8,    18.8,   64.4,  0.02170,      0,      0,       0,       0,       0,       0
total,        262353,    4162,      42,     203,     0.8,     0.7,     1.1,     1.8,     4.2,     7.2,   65.4,  0.02149,      0,      0,       0,       0,       0,       0
total,        266488,    4113,      46,     229,     0.8,     0.7,     1.1,     2.0,     5.7,    13.2,   66.4,  0.02117,      0,      0,       0,       0,       0,       0
total,        270695,    4182,      45,     209,     0.8,     0.7,     1.0,     1.7,     5.8,    12.0,   67.4,  0.02093,      0,      0,       0,       0,       0,       0
total,        274828,    4108,      57,     293,     0.8,     0.7,     1.1,     2.0,     8.3,    13.7,   68.4,  0.02093,      0,      0,       0,       0,       0,       0
total,        279075,    4224,      46,     223,     0.8,     0.7,     1.0,     1.7,     4.2,     6.1,   69.4,  0.02065,      0,      0,       0,       0,       0,       0
total,        283191,    4093,      55,     292,     0.8,     0.7,     1.1,     2.0,     5.3,     6.9,   70.4,  0.02060,      0,      0,       0,       0,       0,       0
total,        287334,    4090,      45,     220,     0.8,     0.7,     1.1,     2.0,     6.3,    23.1,   71.4,  0.02034,      0,      0,       0,       0,       0,       0
total,        291541,    4182,      39,     200,     0.8,     0.7,     1.1,     1.8,     4.4,     6.4,   72.4,  0.02020,      0,      0,       0,       0,       0,       0
total,        295791,    4224,      48,     299,     0.8,     0.7,     1.0,     1.9,     4.1,     5.5,   73.4,  0.02022,      0,      0,       0,       0,       0,       0
total,        300047,    4229,      48,     252,     0.8,     0.7,     1.1,     1.8,     4.4,     5.7,   74.4,  0.01996,      0,      0,       0,       0,       0,       0
total,        300063,    1849,     116,     347,     1.5,     0.8,     7.7,     7.7,     7.7,     7.7,   74.5,  0.02058,      0,      0,       0,       0,       0,       0


Results:
op rate                   : 4030 [timeline:4030]
partition rate            : 46 [timeline:46]
row rate                  : 232 [timeline:232]
latency mean              : 0.8 [timeline:0.8]
latency median            : 0.7 [timeline:0.7]
latency 95th percentile   : 1.1 [timeline:1.1]
latency 99th percentile   : 1.9 [timeline:1.9]
latency 99.9th percentile : 5.5 [timeline:5.5]
latency max               : 280.8 [timeline:280.8]
Total partitions          : 3432 [timeline:3432]
Total errors              : 0 [timeline:0]
total gc count            : 0
total gc mb               : 0
total gc time (s)         : 0
avg gc time(ms)           : NaN
stdev gc time(ms)         : 0
Total operation time      : 00:01:14
Sleeping for 15s
Running with 8 threadCount
Running [timeline] with 8 threads until stderr of mean < 0.02
type,      total ops,    op/s,    pk/s,   row/s,    mean,     med,     .95,     .99,    .999,     max,   time,   stderr, errors,  gc: #,  max ms,  sum ms,  sdv ms,      mb
total,          6586,    6585,      80,     452,     1.0,     0.9,     1.7,     2.7,    17.1,    18.4,    1.0,  0.00000,      0,      0,       0,       0,       0,       0
total,         13481,    6873,      75,     328,     1.0,     0.9,     1.6,     2.4,    13.5,    19.5,    2.0,  0.11781,      0,      0,       0,       0,       0,       0
total,         20544,    7030,      81,     384,     1.0,     0.9,     1.6,     2.2,     4.8,    12.9,    3.0,  0.07943,      0,      0,       0,       0,       0,       0
total,         27472,    6895,      96,     461,     1.0,     0.9,     1.7,     2.4,     9.8,    11.0,    4.0,  0.06922,      0,      0,       0,       0,       0,       0
total,         34430,    6922,      75,     374,     1.0,     0.9,     1.7,     2.6,    11.2,    12.3,    5.0,  0.05790,      0,      0,       0,       0,       0,       0
total,         41308,    6841,      89,     418,     1.0,     0.9,     1.7,     2.6,    12.0,    13.2,    6.0,  0.04828,      0,      0,       0,       0,       0,       0
total,         48104,    6762,      81,     405,     1.0,     0.9,     1.6,     3.1,    18.0,    19.1,    7.0,  0.04134,      0,      0,       0,       0,       0,       0
total,         55216,    7075,      73,     326,     1.0,     0.9,     1.6,     2.3,     5.8,     8.3,    8.0,  0.04395,      0,      0,       0,       0,       0,       0
total,         62116,    6863,      65,     363,     1.0,     0.9,     1.7,     2.7,     9.8,    14.2,    9.0,  0.04042,      0,      0,       0,       0,       0,       0
total,         69166,    6995,      75,     381,     1.0,     0.9,     1.6,     2.4,     7.7,     9.3,   10.0,  0.03659,      0,      0,       0,       0,       0,       0
total,         76160,    6949,      70,     363,     1.0,     0.9,     1.6,     2.6,     7.4,     8.3,   11.1,  0.03410,      0,      0,       0,       0,       0,       0
total,         82991,    6790,      76,     379,     1.0,     0.9,     1.7,     2.8,    10.2,    12.3,   12.1,  0.03139,      0,      0,       0,       0,       0,       0
total,         90040,    7003,      77,     363,     1.0,     0.9,     1.6,     2.3,     8.3,    12.3,   13.1,  0.02944,      0,      0,       0,       0,       0,       0
total,         96951,    6871,      80,     453,     1.0,     0.9,     1.7,     2.5,     7.2,     8.9,   14.1,  0.02948,      0,      0,       0,       0,       0,       0
total,        104015,    6951,      83,     354,     1.0,     0.9,     1.6,     2.4,     7.1,    24.0,   15.1,  0.02835,      0,      0,       0,       0,       0,       0
total,        111067,    7013,      77,     368,     1.0,     0.9,     1.6,     2.2,     8.1,    10.5,   16.1,  0.02686,      0,      0,       0,       0,       0,       0
total,        117880,    6775,      83,     428,     1.0,     0.9,     1.7,     2.8,    13.3,    14.7,   17.1,  0.02581,      0,      0,       0,       0,       0,       0
total,        124864,    6936,      92,     479,     1.0,     0.9,     1.6,     2.4,    10.9,    13.0,   18.1,  0.02728,      0,      0,       0,       0,       0,       0
total,        131930,    7026,      62,     348,     1.0,     0.9,     1.6,     2.2,     7.8,    12.5,   19.1,  0.02671,      0,      0,       0,       0,       0,       0
total,        138943,    6968,      82,     398,     1.0,     0.9,     1.6,     2.3,     9.2,    11.9,   20.1,  0.02537,      0,      0,       0,       0,       0,       0
total,        146049,    7062,      72,     384,     1.0,     0.9,     1.6,     2.3,     6.2,     7.6,   21.1,  0.02421,      0,      0,       0,       0,       0,       0
total,        153044,    6951,      78,     349,     1.0,     0.9,     1.7,     2.5,    12.4,    13.5,   22.1,  0.02364,      0,      0,       0,       0,       0,       0
total,        159893,    6805,      79,     447,     1.0,     0.9,     1.7,     2.9,    12.7,    13.9,   23.1,  0.02329,      0,      0,       0,       0,       0,       0
total,        167008,    7062,      72,     363,     1.0,     0.9,     1.6,     2.3,     5.7,     8.6,   24.1,  0.02260,      0,      0,       0,       0,       0,       0
total,        173879,    6825,      94,     492,     1.0,     0.9,     1.7,     2.7,     8.5,    10.8,   25.2,  0.02378,      0,      0,       0,       0,       0,       0
total,        180984,    7054,      78,     390,     1.0,     0.9,     1.6,     2.3,     7.0,    14.5,   26.2,  0.02289,      0,      0,       0,       0,       0,       0
total,        188002,    6970,      72,     366,     1.0,     0.9,     1.7,     2.7,     5.9,    11.5,   27.2,  0.02226,      0,      0,       0,       0,       0,       0
total,        194974,    6929,      75,     328,     1.0,     0.9,     1.6,     2.3,    13.2,    15.5,   28.2,  0.02231,      0,      0,       0,       0,       0,       0
total,        202001,    6981,      78,     343,     1.0,     0.9,     1.6,     2.5,     8.2,    13.2,   29.2,  0.02201,      0,      0,       0,       0,       0,       0
total,        209007,    6967,      65,     318,     1.0,     0.9,     1.6,     2.3,     7.8,    12.2,   30.2,  0.02226,      0,      0,       0,       0,       0,       0
total,        216060,    6987,      73,     369,     1.0,     0.9,     1.6,     2.4,     8.3,    16.0,   31.2,  0.02164,      0,      0,       0,       0,       0,       0
total,        223125,    7019,      81,     411,     1.0,     0.9,     1.6,     2.3,     7.4,    15.1,   32.2,  0.02101,      0,      0,       0,       0,       0,       0
total,        230130,    6953,      74,     374,     1.0,     0.9,     1.6,     2.6,     9.7,    13.5,   33.2,  0.02042,      0,      0,       0,       0,       0,       0
total,        236968,    6797,      72,     361,     1.0,     0.9,     1.7,     2.5,    19.9,    21.4,   34.2,  0.01991,      0,      0,       0,       0,       0,       0
total,        236999,    3424,     110,     110,     1.9,     1.2,     7.4,     8.0,     8.0,     8.0,   34.2,  0.02850,      0,      0,       0,       0,       0,       0


Results:
op rate                   : 6925 [timeline:6925]
partition rate            : 77 [timeline:77]
row rate                  : 386 [timeline:386]
latency mean              : 1.0 [timeline:1.0]
latency median            : 0.9 [timeline:0.9]
latency 95th percentile   : 1.6 [timeline:1.6]
latency 99th percentile   : 2.3 [timeline:2.3]
latency 99.9th percentile : 8.6 [timeline:8.6]
latency max               : 24.0 [timeline:24.0]
Total partitions          : 2650 [timeline:2650]
Total errors              : 0 [timeline:0]
total gc count            : 0
total gc mb               : 0
total gc time (s)         : 0
avg gc time(ms)           : NaN
stdev gc time(ms)         : 0
Total operation time      : 00:00:34
Improvement over 4 threadCount: 72%
Sleeping for 15s
Running with 16 threadCount
Running [timeline] with 16 threads until stderr of mean < 0.02
type,      total ops,    op/s,    pk/s,   row/s,    mean,     med,     .95,     .99,    .999,     max,   time,   stderr, errors,  gc: #,  max ms,  sum ms,  sdv ms,      mb
total,          7807,    7806,      92,     473,     1.9,     1.4,     3.3,     5.4,   108.7,   111.2,    1.0,  0.00000,      0,      0,       0,       0,       0,       0
total,         16726,    8874,      96,     483,     1.6,     1.4,     3.2,     5.3,    10.7,    15.9,    2.0,  0.03260,      0,      0,       0,       0,       0,       0
total,         25725,    8949,     108,     548,     1.6,     1.4,     3.1,     4.8,    10.7,    12.2,    3.0,  0.03054,      0,      0,       0,       0,       0,       0
total,         34613,    8825,     103,     547,     1.6,     1.4,     3.2,     5.6,    12.1,    12.9,    4.0,  0.02522,      0,      0,       0,       0,       0,       0
total,         43451,    8780,      97,     466,     1.7,     1.4,     3.3,     5.5,    15.5,    18.0,    5.0,  0.02955,      0,      0,       0,       0,       0,       0
total,         52296,    8778,      89,     473,     1.7,     1.4,     3.2,     5.4,    13.2,    14.9,    6.0,  0.02784,      0,      0,       0,       0,       0,       0
total,         61082,    8710,      95,     494,     1.7,     1.4,     3.4,     5.8,    11.0,    24.8,    7.0,  0.02424,      0,      0,       0,       0,       0,       0
total,         69986,    8818,     111,     588,     1.6,     1.4,     3.2,     4.9,    11.7,    15.1,    8.1,  0.02796,      0,      0,       0,       0,       0,       0
total,         78733,    8676,      82,     386,     1.7,     1.4,     3.3,     7.2,    15.5,    28.4,    9.1,  0.03732,      0,      0,       0,       0,       0,       0
total,         87745,    8943,      93,     526,     1.6,     1.4,     3.1,     5.0,    10.8,    12.9,   10.1,  0.03374,      0,      0,       0,       0,       0,       0
total,         96799,    8967,      97,     488,     1.6,     1.4,     3.0,     4.6,     9.6,    11.5,   11.1,  0.03088,      0,      0,       0,       0,       0,       0
total,        105847,    8971,      88,     417,     1.6,     1.4,     3.2,     4.8,     9.1,    16.2,   12.1,  0.03182,      0,      0,       0,       0,       0,       0
total,        114594,    8676,      95,     436,     1.7,     1.4,     3.2,     5.6,    16.6,    19.6,   13.1,  0.03095,      0,      0,       0,       0,       0,       0
total,        123428,    8758,      90,     481,     1.7,     1.4,     3.1,     5.5,    16.1,    21.5,   14.1,  0.02881,      0,      0,       0,       0,       0,       0
total,        132445,    8869,     109,     542,     1.6,     1.4,     3.2,     5.3,    11.1,    15.8,   15.1,  0.02754,      0,      0,       0,       0,       0,       0
total,        141342,    8811,      91,     479,     1.7,     1.4,     3.2,     5.0,    15.8,    19.1,   16.1,  0.02593,      0,      0,       0,       0,       0,       0
total,        150131,    8691,     101,     498,     1.7,     1.4,     3.3,     5.6,    10.9,    12.6,   17.1,  0.02440,      0,      0,       0,       0,       0,       0
total,        158819,    8625,      90,     439,     1.7,     1.4,     3.4,     6.7,    19.7,    24.7,   18.1,  0.02375,      0,      0,       0,       0,       0,       0
total,        167665,    8773,      96,     506,     1.6,     1.4,     3.3,     5.1,    12.4,    16.1,   19.2,  0.02252,      0,      0,       0,       0,       0,       0
total,        176629,    8887,      97,     474,     1.6,     1.4,     3.2,     4.9,     9.3,    10.4,   20.2,  0.02150,      0,      0,       0,       0,       0,       0
total,        185694,    8931,      99,     484,     1.6,     1.4,     3.1,     5.2,    13.3,    15.2,   21.2,  0.02050,      0,      0,       0,       0,       0,       0
total,        194468,    8675,      95,     427,     1.7,     1.4,     3.3,     6.8,    12.0,    15.3,   22.2,  0.02050,      0,      0,       0,       0,       0,       0
total,        203506,    8957,      75,     381,     1.6,     1.4,     3.2,     4.9,     9.9,    11.3,   23.2,  0.02192,      0,      0,       0,       0,       0,       0
total,        212414,    8824,      92,     515,     1.6,     1.4,     3.2,     5.2,    16.1,    23.3,   24.2,  0.02112,      0,      0,       0,       0,       0,       0
total,        221424,    8899,      91,     484,     1.6,     1.4,     3.2,     5.3,    13.0,    16.9,   25.2,  0.02028,      0,      0,       0,       0,       0,       0
total,        230365,    8838,      91,     456,     1.6,     1.4,     3.2,     5.0,    13.1,    18.1,   26.2,  0.01967,      0,      0,       0,       0,       0,       0
total,        239083,    8663,      75,     350,     1.7,     1.4,     3.4,     6.5,    15.3,    17.2,   27.2,  0.02148,      0,      0,       0,       0,       0,       0
total,        247898,    8742,     106,     526,     1.6,     1.4,     3.2,     5.3,    14.3,    20.2,   28.2,  0.02093,      0,      0,       0,       0,       0,       0
total,        256822,    8860,      88,     407,     1.6,     1.4,     3.1,     4.7,    14.0,    16.2,   29.3,  0.02096,      0,      0,       0,       0,       0,       0
total,        265705,    8785,      98,     465,     1.6,     1.4,     3.3,     5.5,    13.7,    35.3,   30.3,  0.02030,      0,      0,       0,       0,       0,       0
total,        274415,    8600,     100,     481,     1.7,     1.4,     3.4,     7.4,    16.8,    18.3,   31.3,  0.01964,      0,      0,       0,       0,       0,       0
total,        274484,    5877,      85,      85,     2.4,     2.0,     5.7,     8.2,     8.2,     8.2,   31.3,  0.03246,      0,      0,       0,       0,       0,       0


Results:
op rate                   : 8772 [timeline:8772]
partition rate            : 95 [timeline:95]
row rate                  : 475 [timeline:475]
latency mean              : 1.7 [timeline:1.7]
latency median            : 1.4 [timeline:1.4]
latency 95th percentile   : 3.0 [timeline:3.0]
latency 99th percentile   : 4.5 [timeline:4.5]
latency 99.9th percentile : 11.2 [timeline:11.2]
latency max               : 111.2 [timeline:111.2]
Total partitions          : 2960 [timeline:2960]
Total errors              : 0 [timeline:0]
total gc count            : 0
total gc mb               : 0
total gc time (s)         : 0
avg gc time(ms)           : NaN
stdev gc time(ms)         : 0
Total operation time      : 00:00:31
Improvement over 8 threadCount: 27%
Sleeping for 15s
Running with 24 threadCount
Running [timeline] with 24 threads until stderr of mean < 0.02
type,      total ops,    op/s,    pk/s,   row/s,    mean,     med,     .95,     .99,    .999,     max,   time,   stderr, errors,  gc: #,  max ms,  sum ms,  sdv ms,      mb
total,          7757,    7816,      97,     515,     2.9,     2.1,     6.9,    16.1,    34.1,    62.4,    1.0,  0.00000,      0,      0,       0,       0,       0,       0
total,         16736,    8763,      95,     525,     2.6,     2.0,     5.5,    13.5,    26.5,    32.5,    2.0,  0.00695,      0,      0,       0,       0,       0,       0
total,         25947,    9151,      90,     398,     2.4,     2.0,     4.9,     9.5,    25.2,    63.0,    3.0,  0.06920,      0,      0,       0,       0,       0,       0
total,         35233,    9168,     101,     540,     2.4,     2.1,     4.9,     9.1,    19.4,    29.4,    4.0,  0.05688,      0,      0,       0,       0,       0,       0
total,         44575,    9208,      94,     462,     2.4,     2.0,     5.1,    10.4,    17.5,    23.5,    5.1,  0.04760,      0,      0,       0,       0,       0,       0
total,         53980,    9298,      97,     489,     2.4,     2.0,     5.0,     9.1,    17.1,    21.9,    6.1,  0.03965,      0,      0,       0,       0,       0,       0
total,         61739,    7670,      89,     438,     2.9,     2.0,     8.2,    17.0,    38.2,    64.8,    7.1,  0.03717,      0,      0,       0,       0,       0,       0
total,         70648,    8797,      94,     454,     2.5,     2.2,     5.2,     9.4,    18.6,    53.8,    8.1,  0.03341,      0,      0,       0,       0,       0,       0
total,         79633,    8870,      92,     397,     2.5,     2.0,     5.9,    11.2,    24.0,    39.2,    9.1,  0.03526,      0,      0,       0,       0,       0,       0
total,         88842,    9113,     109,     516,     2.5,     2.1,     4.8,    10.3,    18.3,    24.6,   10.1,  0.03279,      0,      0,       0,       0,       0,       0
total,         97778,    8836,      99,     539,     2.5,     2.0,     5.4,    13.0,    41.4,    57.0,   11.1,  0.03173,      0,      0,       0,       0,       0,       0
total,        105723,    9162,      90,     431,     2.4,     2.1,     5.0,     8.7,    14.9,    18.3,   12.0,  0.03042,      0,      0,       0,       0,       0,       0
total,        115100,    7958,      82,     391,     2.8,     2.1,     5.3,    10.5,   155.2,   158.8,   13.2,  0.02851,      0,      0,       0,       0,       0,       0
total,        124473,    9224,     106,     518,     2.4,     1.8,     5.8,    11.6,    24.8,    44.8,   14.2,  0.02706,      0,      0,       0,       0,       0,       0
total,        133118,    8516,     100,     509,     2.6,     2.0,     6.0,    13.1,    26.7,    43.5,   15.2,  0.02553,      0,      0,       0,       0,       0,       0
total,        142271,    9030,      97,     565,     2.5,     2.1,     4.9,     8.8,    21.8,    47.7,   16.2,  0.02602,      0,      0,       0,       0,       0,       0
total,        151651,    9286,     102,     476,     2.4,     2.0,     5.2,     9.3,    16.1,    33.4,   17.2,  0.02453,      0,      0,       0,       0,       0,       0
total,        161193,    9410,     107,     516,     2.4,     1.9,     5.2,    10.8,    22.6,    34.1,   18.2,  0.02336,      0,      0,       0,       0,       0,       0
total,        169863,    8581,     119,     575,     2.6,     2.1,     5.8,    11.9,    24.9,    37.5,   19.2,  0.02383,      0,      0,       0,       0,       0,       0
total,        178718,    8744,     111,     579,     2.5,     2.1,     5.6,    11.8,    22.5,    45.4,   20.3,  0.02408,      0,      0,       0,       0,       0,       0
total,        186430,    7627,      75,     356,     2.9,     2.2,     7.1,    13.9,    37.3,    48.5,   21.3,  0.02672,      0,      0,       0,       0,       0,       0
total,        195649,    9098,     106,     516,     2.4,     2.0,     5.3,    10.3,    21.6,    24.6,   22.3,  0.02557,      0,      0,       0,       0,       0,       0
total,        204938,    9179,     108,     554,     2.4,     1.8,     5.9,    11.9,    23.4,    64.3,   23.3,  0.02496,      0,      0,       0,       0,       0,       0
total,        214384,    9324,      96,     474,     2.4,     1.9,     5.4,    10.4,    22.0,    28.7,   24.3,  0.02401,      0,      0,       0,       0,       0,       0
total,        223987,    9458,      98,     534,     2.4,     1.9,     5.0,     9.7,    20.6,    36.0,   25.3,  0.02321,      0,      0,       0,       0,       0,       0
total,        233383,    9296,      86,     437,     2.4,     1.8,     5.9,    12.1,    22.0,    34.8,   26.3,  0.02282,      0,      0,       0,       0,       0,       0
total,        242965,    9359,      98,     518,     2.4,     2.0,     4.9,     9.5,    16.3,    19.0,   27.4,  0.02202,      0,      0,       0,       0,       0,       0
total,        252524,    9471,      99,     491,     2.3,     2.0,     4.8,     9.2,    13.3,    18.4,   28.4,  0.02124,      0,      0,       0,       0,       0,       0
total,        261974,    9330,      97,     479,     2.4,     1.9,     5.1,    11.4,    18.0,    40.0,   29.4,  0.02054,      0,      0,       0,       0,       0,       0
total,        271353,    9250,     101,     452,     2.4,     2.0,     5.2,     9.2,    24.8,    34.6,   30.4,  0.02009,      0,      0,       0,       0,       0,       0
total,        280732,    9253,     102,     545,     2.4,     1.9,     5.5,    10.3,    18.2,    27.7,   31.4,  0.01969,      0,      0,       0,       0,       0,       0
total,        280835,    8068,      78,     783,     2.8,     2.1,     8.0,     8.8,     8.9,     8.9,   31.4,  0.02590,      0,      0,       0,       0,       0,       0


Results:
op rate                   : 8938 [timeline:8938]
partition rate            : 98 [timeline:98]
row rate                  : 490 [timeline:490]
latency mean              : 2.5 [timeline:2.5]
latency median            : 2.0 [timeline:2.0]
latency 95th percentile   : 5.2 [timeline:5.2]
latency 99th percentile   : 9.6 [timeline:9.6]
latency 99.9th percentile : 22.2 [timeline:22.2]
latency max               : 158.8 [timeline:158.8]
Total partitions          : 3073 [timeline:3073]
Total errors              : 0 [timeline:0]
total gc count            : 0
total gc mb               : 0
total gc time (s)         : 0
avg gc time(ms)           : NaN
stdev gc time(ms)         : 0
Total operation time      : 00:00:31
Improvement over 16 threadCount: 2%
Sleeping for 15s
Running with 36 threadCount
Running [timeline] with 36 threads until stderr of mean < 0.02
type,      total ops,    op/s,    pk/s,   row/s,    mean,     med,     .95,     .99,    .999,     max,   time,   stderr, errors,  gc: #,  max ms,  sum ms,  sdv ms,      mb
total,          9664,    9662,     106,     513,     3.6,     2.9,     7.5,    17.3,    35.7,    44.2,    1.0,  0.00000,      0,      0,       0,       0,       0,       0
total,         19398,    9613,     108,     525,     3.6,     2.8,     8.4,    15.1,    34.5,    36.7,    2.0,  0.00852,      0,      0,       0,       0,       0,       0
total,         29199,    9647,     110,     624,     3.5,     2.8,     8.4,    15.7,    35.5,    73.1,    3.0,  0.05179,      0,      0,       0,       0,       0,       0
total,         38908,    9595,     102,     514,     3.5,     2.9,     7.9,    15.1,    33.9,    83.9,    4.0,  0.04267,      0,      0,       0,       0,       0,       0
total,         48559,    9534,      94,     492,     3.6,     2.8,     8.4,    18.5,    37.5,    56.6,    5.1,  0.03894,      0,      0,       0,       0,       0,       0
total,         58238,    9378,      87,     426,     3.6,     3.0,     8.4,    16.3,    26.1,    52.1,    6.1,  0.04615,      0,      0,       0,       0,       0,       0
total,         67890,    9476,     103,     549,     3.6,     3.0,     8.1,    15.1,    24.9,    61.6,    7.1,  0.04009,      0,      0,       0,       0,       0,       0
total,         77664,    9617,     104,     547,     3.6,     2.8,     8.7,    15.3,    26.3,    34.3,    8.1,  0.03536,      0,      0,       0,       0,       0,       0
total,         87480,    9611,     110,     601,     3.5,     2.8,     8.2,    14.6,    47.9,    57.0,    9.1,  0.03447,      0,      0,       0,       0,       0,       0
total,         97417,    9649,      92,     529,     3.5,     2.7,     8.1,    15.3,    48.2,    57.1,   10.2,  0.03104,      0,      0,       0,       0,       0,       0
total,        107225,    9613,     107,     524,     3.6,     3.0,     7.9,    13.2,    20.9,    27.6,   11.2,  0.02829,      0,      0,       0,       0,       0,       0
total,        117019,    9554,     109,     563,     3.6,     2.7,     9.1,    17.5,    38.4,    42.5,   12.2,  0.02623,      0,      0,       0,       0,       0,       0
total,        126600,    9407,      98,     520,     3.6,     2.8,     8.6,    17.4,    34.1,    51.5,   13.2,  0.02433,      0,      0,       0,       0,       0,       0
total,        136323,    9540,     104,     565,     3.6,     3.1,     7.7,    16.0,    24.3,    31.6,   14.3,  0.02287,      0,      0,       0,       0,       0,       0
total,        146145,    9632,     115,     585,     3.5,     3.1,     7.8,    12.7,    17.7,    21.8,   15.3,  0.02205,      0,      0,       0,       0,       0,       0
total,        155787,    9459,     103,     501,     3.6,     2.8,     8.9,    19.6,    32.7,    36.2,   16.3,  0.02118,      0,      0,       0,       0,       0,       0
total,        164748,    8708,      70,     339,     3.9,     2.7,     8.6,    19.2,   116.7,   138.4,   17.3,  0.02958,      0,      0,       0,       0,       0,       0
total,        174516,    9488,     110,     552,     3.6,     2.8,     8.9,    17.8,    26.3,    32.5,   18.4,  0.02799,      0,      0,       0,       0,       0,       0
total,        184250,    9591,     108,     536,     3.5,     3.1,     7.7,    13.1,    18.8,    27.4,   19.4,  0.02651,      0,      0,       0,       0,       0,       0
total,        193961,    9564,     100,     516,     3.6,     2.9,     8.1,    17.6,    30.1,    42.3,   20.4,  0.02523,      0,      0,       0,       0,       0,       0
total,        203915,    9631,     102,     516,     3.6,     3.1,     8.0,    13.7,    20.9,    25.0,   21.4,  0.02407,      0,      0,       0,       0,       0,       0
total,        213372,    9190,     113,     601,     3.7,     3.0,     8.6,    15.3,    36.7,    43.1,   22.4,  0.02368,      0,      0,       0,       0,       0,       0
total,        223286,    9711,     101,     566,     3.5,     2.7,     8.5,    16.5,    32.2,    35.7,   23.5,  0.02277,      0,      0,       0,       0,       0,       0
total,        232983,    9499,     101,     543,     3.6,     3.0,     8.1,    14.8,    31.9,    45.4,   24.5,  0.02182,      0,      0,       0,       0,       0,       0
total,        242713,    9554,     108,     528,     3.6,     3.0,     7.9,    14.6,    25.8,    38.5,   25.5,  0.02096,      0,      0,       0,       0,       0,       0
total,        252388,    9504,      97,     548,     3.6,     2.8,     8.7,    15.7,    36.0,    63.6,   26.5,  0.02016,      0,      0,       0,       0,       0,       0
total,        262099,    9539,     113,     579,     3.6,     2.8,     8.7,    17.2,    33.8,    41.7,   27.5,  0.01961,      0,      0,       0,       0,       0,       0
total,        271798,    9576,      85,     440,     3.5,     2.8,     8.5,    14.9,    21.6,    26.0,   28.6,  0.02000,      0,      0,       0,       0,       0,       0
total,        281688,    9737,      94,     432,     3.5,     2.8,     8.1,    14.9,    31.1,    43.5,   29.6,  0.02043,      0,      0,       0,       0,       0,       0
total,        291258,    9486,     101,     507,     3.6,     2.8,     8.8,    17.5,    30.6,    36.8,   30.6,  0.01982,      0,      0,       0,       0,       0,       0
total,        291487,    5079,      67,     310,     6.3,     4.1,    18.9,    23.9,    24.8,    24.8,   30.6,  0.02348,      0,      0,       0,       0,       0,       0


Results:
op rate                   : 9518 [timeline:9518]
partition rate            : 102 [timeline:102]
row rate                  : 526 [timeline:526]
latency mean              : 3.6 [timeline:3.6]
latency median            : 2.9 [timeline:2.9]
latency 95th percentile   : 7.9 [timeline:7.9]
latency 99th percentile   : 13.4 [timeline:13.4]
latency 99.9th percentile : 27.2 [timeline:27.2]
latency max               : 138.4 [timeline:138.4]
Total partitions          : 3116 [timeline:3116]
Total errors              : 0 [timeline:0]
total gc count            : 0
total gc mb               : 0
total gc time (s)         : 0
avg gc time(ms)           : NaN
stdev gc time(ms)         : 0
Total operation time      : 00:00:30
Improvement over 24 threadCount: 7%
Sleeping for 15s
Running with 54 threadCount
Running [timeline] with 54 threads until stderr of mean < 0.02
type,      total ops,    op/s,    pk/s,   row/s,    mean,     med,     .95,     .99,    .999,     max,   time,   stderr, errors,  gc: #,  max ms,  sum ms,  sdv ms,      mb
total,          8625,    8625,      93,     480,     6.1,     3.9,    14.2,    31.3,   160.1,   164.9,    1.0,  0.00000,      0,      0,       0,       0,       0,       0
total,         18574,    9782,     112,     610,     5.3,     4.2,    12.9,    23.1,    55.7,    69.5,    2.0,  0.08411,      0,      0,       0,       0,       0,       0
total,         28414,    9625,     131,     664,     5.4,     4.2,    15.0,    24.8,    42.1,    72.1,    3.0,  0.07628,      0,      0,       0,       0,       0,       0
total,         38514,    9885,     107,     609,     5.3,     3.8,    13.9,    31.5,    56.8,    81.7,    4.1,  0.05731,      0,      0,       0,       0,       0,       0
total,         48549,    9811,      79,     418,     5.3,     4.3,    13.9,    21.7,    34.1,    64.1,    5.1,  0.07374,      0,      0,       0,       0,       0,       0
total,         58464,    9605,     110,     561,     5.4,     4.0,    15.8,    25.7,    44.3,   146.9,    6.1,  0.06138,      0,      0,       0,       0,       0,       0
total,         68646,    9795,     101,     486,     5.3,     3.7,    15.8,    26.0,    39.8,    59.0,    7.2,  0.05628,      0,      0,       0,       0,       0,       0
total,         78639,    9784,     107,     511,     5.3,     3.5,    15.4,    30.9,    70.3,    80.5,    8.2,  0.05025,      0,      0,       0,       0,       0,       0
total,         88507,    9669,     105,     567,     5.4,     3.7,    15.7,    25.6,    37.6,    64.9,    9.2,  0.04469,      0,      0,       0,       0,       0,       0
total,         98337,    9605,     113,     583,     5.4,     3.9,    15.3,    28.0,    56.5,    67.7,   10.2,  0.04049,      0,      0,       0,       0,       0,       0
total,        108043,    9415,     110,     609,     5.4,     3.5,    17.1,    28.4,    43.0,    50.8,   11.3,  0.03764,      0,      0,       0,       0,       0,       0
total,        118057,    9745,     111,     560,     5.4,     3.8,    14.8,    37.2,    50.9,    61.7,   12.3,  0.03449,      0,      0,       0,       0,       0,       0
total,        127816,    9447,     110,     550,     5.5,     4.0,    15.0,    25.5,    54.0,    59.0,   13.3,  0.03186,      0,      0,       0,       0,       0,       0
total,        137813,    9661,     107,     544,     5.4,     3.4,    16.4,    27.4,    39.5,    44.8,   14.3,  0.02965,      0,      0,       0,       0,       0,       0
total,        147694,    9522,     109,     528,     5.4,     4.0,    15.4,    25.3,    43.2,    75.6,   15.4,  0.02792,      0,      0,       0,       0,       0,       0
total,        157602,    9600,     109,     567,     5.4,     4.0,    14.7,    26.3,    41.0,    61.1,   16.4,  0.02618,      0,      0,       0,       0,       0,       0
total,        167660,    9657,      97,     474,     5.4,     3.9,    14.6,    24.9,    46.2,    53.8,   17.5,  0.02616,      0,      0,       0,       0,       0,       0
total,        177523,    9587,     107,     613,     5.4,     3.9,    15.0,    26.4,    37.5,    51.5,   18.5,  0.02536,      0,      0,       0,       0,       0,       0
total,        187312,    9593,      95,     469,     5.4,     4.1,    14.0,    27.4,    49.5,    59.9,   19.5,  0.02542,      0,      0,       0,       0,       0,       0
total,        197186,    9650,     100,     530,     5.4,     3.6,    15.4,    31.1,    60.7,    72.2,   20.5,  0.02424,      0,      0,       0,       0,       0,       0
total,        206822,    9445,     101,     556,     5.5,     3.7,    16.2,    27.9,    60.9,    67.7,   21.6,  0.02308,      0,      0,       0,       0,       0,       0
total,        216819,    9682,      97,     458,     5.4,     3.9,    15.1,    25.0,    47.0,    76.3,   22.6,  0.02336,      0,      0,       0,       0,       0,       0
total,        226050,    9023,     114,     604,     5.8,     3.6,    18.4,    36.8,    66.3,   123.6,   23.6,  0.02274,      0,      0,       0,       0,       0,       0
total,        235924,    9563,      98,     520,     5.4,     4.0,    15.2,    25.5,    41.3,    50.5,   24.6,  0.02192,      0,      0,       0,       0,       0,       0
total,        245626,    9510,     121,     666,     5.4,     3.9,    15.2,    27.9,    43.1,    54.8,   25.7,  0.02257,      0,      0,       0,       0,       0,       0
total,        255505,    9619,     112,     612,     5.4,     4.4,    13.9,    22.0,    40.8,    53.9,   26.7,  0.02203,      0,      0,       0,       0,       0,       0
total,        265293,    9630,     106,     621,     5.4,     3.9,    14.6,    26.5,    50.4,   113.2,   27.7,  0.02159,      0,      0,       0,       0,       0,       0
total,        275116,    9619,      99,     591,     5.4,     4.1,    14.2,    23.4,    42.1,    55.8,   28.7,  0.02090,      0,      0,       0,       0,       0,       0
total,        285300,    9476,     117,     621,     5.5,     4.0,    14.4,    24.0,    58.0,   153.1,   29.8,  0.02048,      0,      0,       0,       0,       0,       0
total,        295283,    9754,     103,     507,     5.3,     4.1,    14.1,    24.8,    37.9,    42.9,   30.8,  0.02008,      0,      0,       0,       0,       0,       0
total,        305175,    9648,     106,     545,     5.4,     3.8,    15.4,    26.9,    39.0,    43.9,   31.8,  0.01946,      0,      0,       0,       0,       0,       0
total,        305424,    8468,      68,     476,     6.6,     4.9,    18.6,    21.8,    22.5,    22.5,   31.9,  0.01945,      0,      0,       0,       0,       0,       0


Results:
op rate                   : 9581 [timeline:9581]
partition rate            : 106 [timeline:106]
row rate                  : 556 [timeline:556]
latency mean              : 5.4 [timeline:5.4]
latency median            : 3.9 [timeline:3.9]
latency 95th percentile   : 14.4 [timeline:14.4]
latency 99th percentile   : 24.6 [timeline:24.6]
latency 99.9th percentile : 46.8 [timeline:46.8]
latency max               : 164.9 [timeline:164.9]
Total partitions          : 3380 [timeline:3380]
Total errors              : 0 [timeline:0]
total gc count            : 0
total gc mb               : 0
total gc time (s)         : 0
avg gc time(ms)           : NaN
stdev gc time(ms)         : 0
Total operation time      : 00:00:31
Improvement over 36 threadCount: 1%
Sleeping for 15s
Running with 81 threadCount
Running [timeline] with 81 threads until stderr of mean < 0.02
type,      total ops,    op/s,    pk/s,   row/s,    mean,     med,     .95,     .99,    .999,     max,   time,   stderr, errors,  gc: #,  max ms,  sum ms,  sdv ms,      mb
total,          8781,    8780,     115,     605,     9.0,     5.2,    25.4,    59.6,   166.4,   177.6,    1.0,  0.00000,      0,      0,       0,       0,       0,       0
total,         18909,    9855,     104,     549,     8.0,     4.6,    26.7,    40.9,    83.5,    87.5,    2.0,  0.03441,      0,      0,       0,       0,       0,       0
total,         28953,    9631,      95,     460,     8.2,     5.2,    26.3,    45.8,    66.7,    89.3,    3.1,  0.06392,      0,      0,       0,       0,       0,       0
total,         39196,    9792,     107,     534,     8.1,     4.8,    27.9,    46.8,    95.5,   134.7,    4.1,  0.04804,      0,      0,       0,       0,       0,       0
total,         49191,    9684,      93,     512,     8.1,     4.4,    27.1,    45.1,   145.9,   149.8,    5.1,  0.03974,      0,      0,       0,       0,       0,       0
total,         59281,    9805,     103,     497,     8.0,     3.8,    27.4,    47.6,    87.7,    94.3,    6.2,  0.03502,      0,      0,       0,       0,       0,       0
total,         69334,    9703,     117,     589,     8.1,     4.3,    27.1,    51.0,    67.1,    88.7,    7.2,  0.03334,      0,      0,       0,       0,       0,       0
total,         79382,    9741,     125,     678,     8.1,     4.9,    25.8,    42.7,    74.8,    81.5,    8.2,  0.04130,      0,      0,       0,       0,       0,       0
total,         89707,    9795,      98,     543,     8.1,     4.9,    26.7,    42.3,    68.0,    86.6,    9.3,  0.03684,      0,      0,       0,       0,       0,       0
total,         99662,    9716,     102,     515,     8.1,     4.8,    24.7,    40.3,    55.8,    64.9,   10.3,  0.03397,      0,      0,       0,       0,       0,       0
total,        109921,    9800,     115,     520,     8.1,     4.6,    25.1,    46.8,    69.2,    85.2,   11.4,  0.03135,      0,      0,       0,       0,       0,       0
total,        119757,    9557,     124,     680,     8.3,     5.2,    26.2,    43.2,    57.2,    85.5,   12.4,  0.03414,      0,      0,       0,       0,       0,       0
total,        130583,    9532,     107,     528,     8.2,     5.1,    26.4,    41.9,    72.4,    82.2,   13.5,  0.03186,      0,      0,       0,       0,       0,       0
total,        141072,    9499,     101,     468,     8.2,     5.6,    25.0,    36.6,    51.6,    57.5,   14.6,  0.03182,      0,      0,       0,       0,       0,       0
total,        151214,    9754,     109,     564,     8.2,     5.0,    27.2,    41.6,    58.7,    81.3,   15.7,  0.02970,      0,      0,       0,       0,       0,       0
total,        161511,    9835,     113,     591,     7.9,     3.7,    27.3,    67.2,    89.0,    97.1,   16.7,  0.02809,      0,      0,       0,       0,       0,       0
total,        171208,    9335,      89,     428,     8.6,     5.3,    27.8,    47.1,    70.4,    92.9,   17.8,  0.02975,      0,      0,       0,       0,       0,       0
total,        181082,    9540,     124,     586,     8.2,     5.4,    25.6,    45.1,    65.7,    69.4,   18.8,  0.02828,      0,      0,       0,       0,       0,       0
total,        191421,    9768,     112,     607,     8.1,     4.5,    28.9,    46.5,    66.4,    79.5,   19.9,  0.02721,      0,      0,       0,       0,       0,       0
total,        201425,    9626,     119,     628,     8.1,     5.0,    25.0,    43.6,    71.9,    92.9,   20.9,  0.02657,      0,      0,       0,       0,       0,       0
total,        211689,    9812,     111,     546,     8.1,     3.4,    31.0,    52.5,    85.6,    94.7,   21.9,  0.02534,      0,      0,       0,       0,       0,       0
total,        221937,    9827,     109,     518,     8.1,     4.4,    27.5,    40.2,    54.3,    67.8,   23.0,  0.02443,      0,      0,       0,       0,       0,       0
total,        232382,    9693,     110,     509,     8.1,     4.0,    29.3,    47.0,    67.9,    96.3,   24.1,  0.02368,      0,      0,       0,       0,       0,       0
total,        242529,    9663,     110,     585,     8.2,     5.2,    26.2,    39.1,    56.9,    64.2,   25.1,  0.02278,      0,      0,       0,       0,       0,       0
total,        252511,    9590,     112,     574,     8.2,     4.7,    27.5,    45.5,    74.1,    82.3,   26.2,  0.02189,      0,      0,       0,       0,       0,       0
total,        263240,   10003,      97,     473,     7.9,     3.6,    28.5,    56.7,    87.6,    99.8,   27.2,  0.02186,      0,      0,       0,       0,       0,       0
total,        273260,    9767,     107,     529,     8.1,     5.2,    25.6,    36.2,    49.2,    60.4,   28.3,  0.02112,      0,      0,       0,       0,       0,       0
total,        283594,    9643,     113,     546,     8.1,     4.2,    28.5,    44.8,    70.2,    88.7,   29.3,  0.02037,      0,      0,       0,       0,       0,       0
total,        293491,    9595,     110,     478,     8.2,     4.4,    27.1,    47.1,    87.1,   105.5,   30.4,  0.02024,      0,      0,       0,       0,       0,       0
total,        303790,    9703,     108,     576,     8.2,     4.4,    28.8,    42.2,    54.2,    67.7,   31.4,  0.01961,      0,      0,       0,       0,       0,       0
total,        304353,    9234,     131,     902,     9.0,     7.1,    23.5,    35.3,    39.0,    39.0,   31.5,  0.02742,      0,      0,       0,       0,       0,       0


Results:
op rate                   : 9668 [timeline:9668]
partition rate            : 109 [timeline:109]
row rate                  : 547 [timeline:547]
latency mean              : 8.2 [timeline:8.2]
latency median            : 4.5 [timeline:4.5]
latency 95th percentile   : 25.0 [timeline:25.0]
latency 99th percentile   : 39.2 [timeline:39.2]
latency 99.9th percentile : 71.9 [timeline:71.9]
latency max               : 177.6 [timeline:177.6]
Total partitions          : 3419 [timeline:3419]
Total errors              : 0 [timeline:0]
total gc count            : 0
total gc mb               : 0
total gc time (s)         : 0
avg gc time(ms)           : NaN
stdev gc time(ms)         : 0
Total operation time      : 00:00:31
Improvement over 54 threadCount: 1%
Sleeping for 15s
Running with 121 threadCount
Running [timeline] with 121 threads until stderr of mean < 0.02
type,      total ops,    op/s,    pk/s,   row/s,    mean,     med,     .95,     .99,    .999,     max,   time,   stderr, errors,  gc: #,  max ms,  sum ms,  sdv ms,      mb
total,          8147,    8145,      97,     497,    14.6,     4.7,    50.3,   220.9,   247.5,   269.8,    1.0,  0.00000,      0,      0,       0,       0,       0,       0
total,         17958,    9425,     109,     517,    12.4,     7.2,    42.4,    64.5,   158.8,   160.8,    2.0,  0.01394,      0,      0,       0,       0,       0,       0
total,         28119,    9520,     111,     545,    12.5,     6.2,    45.9,    74.9,   130.7,   134.4,    3.1,  0.02207,      0,      0,       0,       0,       0,       0
total,         38182,    9357,     109,     493,    12.6,     6.8,    44.5,    72.3,   103.5,   149.5,    4.2,  0.02024,      0,      0,       0,       0,       0,       0
total,         48474,    9637,     106,     530,    12.4,     6.3,    45.0,    68.4,   106.1,   138.8,    5.3,  0.01713,      0,      0,       0,       0,       0,       0
total,         58756,    9376,     108,     524,    12.6,     7.9,    40.9,    59.7,    77.3,    94.5,    6.3,  0.01443,      0,      0,       0,       0,       0,       0
total,         68813,    9584,     101,     450,    12.3,     7.8,    39.3,    56.6,    89.5,    92.8,    7.4,  0.02172,      0,      0,       0,       0,       0,       0
total,         78874,    9511,     102,     502,    12.5,     6.8,    44.4,    63.7,    85.2,   115.9,    8.5,  0.01908,      0,      0,       0,       0,       0,       0
total,         89408,    9492,      93,     479,    12.5,     6.3,    45.1,    66.5,    91.3,   127.0,    9.6,  0.01802,      0,      0,       0,       0,       0,       0
total,         99922,    9791,     107,     568,    12.1,     6.2,    42.4,    60.5,    97.2,   109.5,   10.6,  0.01994,      0,      0,       0,       0,       0,       0
total,        109940,    9624,      93,     461,    12.4,     8.0,    38.5,    54.6,    96.3,   181.8,   11.7,  0.02015,      0,      0,       0,       0,       0,       0
total,        120404,    9427,      87,     445,    12.5,     7.0,    44.9,    63.6,    80.6,    92.3,   12.8,  0.02104,      0,      0,       0,       0,       0,       0
total,        131607,    9698,     108,     531,    12.1,     6.0,    43.7,    72.8,   120.5,   126.0,   13.9,  0.01982,      0,      0,       0,       0,       0,       0
total,        143221,    9800,     108,     528,    12.1,     5.4,    41.6,    79.9,   176.7,   205.7,   15.1,  0.01865,      0,      0,       0,       0,       0,       0
total,        153245,    9379,      95,     466,    12.6,     6.4,    42.8,    81.3,   113.4,   127.3,   16.2,  0.01820,      0,      0,       0,       0,       0,       0
total,        163903,    9725,     117,     597,    12.1,     6.1,    44.4,    70.1,   103.7,   115.6,   17.3,  0.02026,      0,      0,       0,       0,       0,       0
total,        174174,    9483,      99,     492,    12.4,     6.1,    43.5,    68.5,    85.6,   117.2,   18.4,  0.01919,      0,      0,       0,       0,       0,       0
total,        185019,    9732,     118,     572,    12.3,     5.7,    42.1,    65.8,    87.3,   102.7,   19.5,  0.01924,      0,      0,       0,       0,       0,       0
total,        194943,    9302,     113,     582,    12.8,     6.8,    44.1,    62.5,    84.1,    89.0,   20.6,  0.01943,      0,      0,       0,       0,       0,       0
total,        204900,    9603,     123,     681,    12.3,     7.5,    39.2,    57.3,    93.7,    99.6,   21.6,  0.02387,      0,      0,       0,       0,       0,       0
total,        214734,    9326,     101,     522,    12.7,     6.3,    43.3,    67.7,    88.2,    99.9,   22.7,  0.02274,      0,      0,       0,       0,       0,       0
total,        225056,    9675,     111,     615,    12.2,     6.5,    40.6,    54.7,    69.7,   111.6,   23.7,  0.02289,      0,      0,       0,       0,       0,       0
total,        235211,    9532,     118,     573,    12.5,     6.4,    43.2,    71.2,    97.1,   140.1,   24.8,  0.02211,      0,      0,       0,       0,       0,       0
total,        245826,    9315,      97,     474,    12.8,     6.8,    45.4,    64.0,    89.6,   129.5,   25.9,  0.02171,      0,      0,       0,       0,       0,       0
total,        255836,    9633,     100,     465,    12.2,     7.2,    40.2,    61.4,   103.9,   113.8,   27.0,  0.02145,      0,      0,       0,       0,       0,       0
total,        266076,    9525,     101,     514,    12.0,     5.8,    44.0,    74.0,   113.4,   129.2,   28.0,  0.02065,      0,      0,       0,       0,       0,       0
total,        275875,    9397,     100,     458,    12.9,     9.0,    39.4,    60.8,   117.0,   132.6,   29.1,  0.02049,      0,      0,       0,       0,       0,       0
total,        285579,    9402,     104,     501,    12.6,     8.9,    37.6,    50.3,    69.8,    78.2,   30.1,  0.01984,      0,      0,       0,       0,       0,       0
total,        295870,    9489,     101,     486,    12.5,     7.1,    43.0,    70.4,    93.7,   114.8,   31.2,  0.01933,      0,      0,       0,       0,       0,       0
total,        306311,    9652,     102,     517,    12.3,     7.2,    41.9,    62.4,    93.1,   131.9,   32.3,  0.01869,      0,      0,       0,       0,       0,       0
total,        306897,    6955,      95,     605,    17.8,    12.7,    50.5,    58.9,    66.8,    66.8,   32.4,  0.01873,      0,      0,       0,       0,       0,       0


Results:
op rate                   : 9483 [timeline:9483]
partition rate            : 105 [timeline:105]
row rate                  : 520 [timeline:520]
latency mean              : 12.5 [timeline:12.5]
latency median            : 6.7 [timeline:6.7]
latency 95th percentile   : 40.6 [timeline:40.6]
latency 99th percentile   : 61.4 [timeline:61.4]
latency 99.9th percentile : 101.8 [timeline:101.8]
latency max               : 269.8 [timeline:269.8]
Total partitions          : 3384 [timeline:3384]
Total errors              : 0 [timeline:0]
total gc count            : 0
total gc mb               : 0
total gc time (s)         : 0
avg gc time(ms)           : NaN
stdev gc time(ms)         : 0
Total operation time      : 00:00:32
Improvement over 81 threadCount: -2%
Sleeping for 15s
             id, type,      total ops,    op/s,    pk/s,   row/s,    mean,     med,     .95,     .99,    .999,     max,   time,   stderr, errors,  gc: #,  max ms,  sum ms,  sdv ms,      mb
  4 threadCount, timeline,     300063,    4030,      46,     232,     0.8,     0.7,     1.1,     1.9,     5.5,   280.8,   74.5,  0.02058,      0,      0,       0,       0,       0,       0
  4 threadCount, total,        300063,    4030,      46,     232,     0.8,     0.7,     1.1,     1.9,     5.5,   280.8,   74.5,  0.02058,      0,      0,       0,       0,       0,       0
  8 threadCount, timeline,     236999,    6925,      77,     386,     1.0,     0.9,     1.6,     2.3,     8.6,    24.0,   34.2,  0.02850,      0,      0,       0,       0,       0,       0
  8 threadCount, total,        236999,    6925,      77,     386,     1.0,     0.9,     1.6,     2.3,     8.6,    24.0,   34.2,  0.02850,      0,      0,       0,       0,       0,       0
 16 threadCount, timeline,     274484,    8772,      95,     475,     1.7,     1.4,     3.0,     4.5,    11.2,   111.2,   31.3,  0.03246,      0,      0,       0,       0,       0,       0
 16 threadCount, total,        274484,    8772,      95,     475,     1.7,     1.4,     3.0,     4.5,    11.2,   111.2,   31.3,  0.03246,      0,      0,       0,       0,       0,       0
 24 threadCount, timeline,     280835,    8938,      98,     490,     2.5,     2.0,     5.2,     9.6,    22.2,   158.8,   31.4,  0.02590,      0,      0,       0,       0,       0,       0
 24 threadCount, total,        280835,    8938,      98,     490,     2.5,     2.0,     5.2,     9.6,    22.2,   158.8,   31.4,  0.02590,      0,      0,       0,       0,       0,       0
 36 threadCount, timeline,     291487,    9518,     102,     526,     3.6,     2.9,     7.9,    13.4,    27.2,   138.4,   30.6,  0.02348,      0,      0,       0,       0,       0,       0
 36 threadCount, total,        291487,    9518,     102,     526,     3.6,     2.9,     7.9,    13.4,    27.2,   138.4,   30.6,  0.02348,      0,      0,       0,       0,       0,       0
 54 threadCount, timeline,     305424,    9581,     106,     556,     5.4,     3.9,    14.4,    24.6,    46.8,   164.9,   31.9,  0.01945,      0,      0,       0,       0,       0,       0
 54 threadCount, total,        305424,    9581,     106,     556,     5.4,     3.9,    14.4,    24.6,    46.8,   164.9,   31.9,  0.01945,      0,      0,       0,       0,       0,       0
 81 threadCount, timeline,     304353,    9668,     109,     547,     8.2,     4.5,    25.0,    39.2,    71.9,   177.6,   31.5,  0.02742,      0,      0,       0,       0,       0,       0
 81 threadCount, total,        304353,    9668,     109,     547,     8.2,     4.5,    25.0,    39.2,    71.9,   177.6,   31.5,  0.02742,      0,      0,       0,       0,       0,       0
121 threadCount, timeline,     306897,    9483,     105,     520,    12.5,     6.7,    40.6,    61.4,   101.8,   269.8,   32.4,  0.01873,      0,      0,       0,       0,       0,       0
121 threadCount, total,        306897,    9483,     105,     520,    12.5,     6.7,    40.6,    61.4,   101.8,   269.8,   32.4,  0.01873,      0,      0,       0,       0,       0,       0
END
