INFO  22:57:32 Did not find Netty's native epoll transport in the classpath, defaulting to NIO.
INFO  22:57:33 Using data-center name 'datacenter1' for DCAwareRoundRobinPolicy (if this is incorrect, please provide the correct datacenter name with DCAwareRoundRobinPolicy constructor)
INFO  22:57:33 New Cassandra host /192.168.2.54:9042 added
Connected to cluster: MalungoCluster
Datatacenter: datacenter1; Host: /192.168.2.54; Rack: rack1
Created schema. Sleeping 1s for propagation.
Sleeping 2s...
Warming up timeline with 50000 iterations...
WARNING: uncertainty mode (err<) results in uneven workload between thread runs, so should be used for high level analysis only
Running with 4 threadCount
Running [timeline] with 4 threads until stderr of mean < 0.02
type,      total ops,    op/s,    pk/s,   row/s,    mean,     med,     .95,     .99,    .999,     max,   time,   stderr, errors,  gc: #,  max ms,  sum ms,  sdv ms,      mb
total,          2036,    2037,      60,     130,     1.8,     1.5,     3.1,     5.7,    35.4,    52.9,    1.0,  0.00000,      0,      0,       0,       0,       0,       0
total,          4496,    2453,      75,     146,     1.4,     1.2,     2.1,     5.1,    31.1,    31.8,    2.0,  0.03977,      0,      0,       0,       0,       0,       0
total,          7417,    2912,      81,     149,     1.2,     1.0,     1.8,     2.8,    29.5,    41.2,    3.0,  0.03309,      0,      0,       0,       0,       0,       0
total,         10561,    3124,      97,     204,     1.1,     0.9,     1.6,     2.5,    16.0,    42.7,    4.0,  0.08877,      0,      0,       0,       0,       0,       0
total,         13901,    3321,     103,     233,     1.0,     0.9,     1.6,     2.4,    12.2,    16.9,    5.0,  0.10193,      0,      0,       0,       0,       0,       0
total,         17323,    3411,      90,     157,     1.0,     0.8,     1.5,     2.5,    27.8,    28.4,    6.0,  0.08628,      0,      0,       0,       0,       0,       0
total,         20894,    3559,      96,     211,     0.9,     0.8,     1.3,     2.5,    32.1,    39.5,    7.0,  0.07781,      0,      0,       0,       0,       0,       0
total,         24446,    3539,     119,     310,     0.9,     0.8,     1.3,     2.7,    27.7,    30.3,    8.0,  0.10211,      0,      0,       0,       0,       0,       0
total,         28437,    3558,     114,     271,     1.0,     0.8,     1.3,     2.3,    32.0,   177.7,    9.1,  0.09586,      0,      0,       0,       0,       0,       0
total,         32120,    3666,     101,     226,     0.9,     0.8,     1.3,     2.5,    28.2,    30.7,   10.2,  0.08599,      0,      0,       0,       0,       0,       0
total,         35814,    3638,     100,     197,     0.9,     0.8,     1.3,     2.1,    18.6,    42.2,   11.2,  0.07848,      0,      0,       0,       0,       0,       0
total,         39552,    3716,      92,     188,     0.9,     0.8,     1.2,     1.9,    28.6,    29.2,   12.2,  0.07235,      0,      0,       0,       0,       0,       0
total,         43317,    3747,     105,     212,     0.9,     0.8,     1.2,     2.3,    20.5,    28.4,   13.2,  0.06663,      0,      0,       0,       0,       0,       0
total,         47030,    3693,     124,     287,     0.9,     0.8,     1.3,     1.8,    21.6,    42.1,   14.2,  0.06617,      0,      0,       0,       0,       0,       0
total,         50824,    3773,      93,     229,     0.9,     0.7,     1.2,     2.0,    29.8,    31.8,   15.2,  0.06166,      0,      0,       0,       0,       0,       0
total,         54510,    3664,     117,     270,     0.9,     0.7,     1.2,     1.9,    26.0,    37.5,   16.2,  0.05925,      0,      0,       0,       0,       0,       0
total,         58463,    3872,     106,     222,     0.8,     0.7,     1.3,     2.2,    11.4,    32.9,   17.2,  0.05569,      0,      0,       0,       0,       0,       0
total,         62379,    3893,     113,     202,     0.8,     0.8,     1.2,     1.8,    18.9,    34.5,   18.2,  0.05287,      0,      0,       0,       0,       0,       0
total,         66239,    3836,     128,     277,     0.9,     0.8,     1.2,     1.9,    14.9,    25.0,   19.2,  0.05152,      0,      0,       0,       0,       0,       0
total,         70094,    3817,     109,     276,     0.9,     0.8,     1.3,     2.0,    13.4,    32.0,   20.2,  0.05001,      0,      0,       0,       0,       0,       0
total,         73991,    3876,     113,     230,     0.8,     0.8,     1.2,     1.9,    15.8,    22.1,   21.2,  0.04758,      0,      0,       0,       0,       0,       0
total,         77875,    3862,     118,     296,     0.8,     0.8,     1.3,     2.0,    13.3,    13.8,   22.3,  0.04715,      0,      0,       0,       0,       0,       0
total,         81626,    3732,     123,     272,     0.9,     0.8,     1.3,     2.4,    21.5,    34.5,   23.3,  0.04557,      0,      0,       0,       0,       0,       0
total,         85489,    3840,     123,     255,     0.9,     0.8,     1.3,     1.9,    12.5,    34.4,   24.3,  0.04375,      0,      0,       0,       0,       0,       0
total,         89426,    3913,      94,     206,     0.8,     0.8,     1.2,     1.8,    12.4,    16.4,   25.3,  0.04233,      0,      0,       0,       0,       0,       0
total,         93341,    3888,     108,     272,     0.8,     0.8,     1.3,     2.1,    11.7,    13.1,   26.3,  0.04108,      0,      0,       0,       0,       0,       0
total,         97161,    3798,     130,     307,     0.9,     0.8,     1.3,     2.2,    18.6,    24.8,   27.3,  0.04098,      0,      0,       0,       0,       0,       0
total,        101109,    3927,     111,     262,     0.8,     0.8,     1.2,     1.9,     9.4,    16.8,   28.3,  0.03960,      0,      0,       0,       0,       0,       0
total,        105008,    3877,     127,     301,     0.8,     0.7,     1.3,     1.9,    13.4,    22.4,   29.3,  0.03913,      0,      0,       0,       0,       0,       0
total,        108795,    3766,     107,     256,     0.9,     0.8,     1.3,     2.6,    12.9,    20.7,   30.3,  0.03782,      0,      0,       0,       0,       0,       0
total,        112661,    3843,     102,     262,     0.9,     0.8,     1.3,     1.9,    15.2,    37.3,   31.3,  0.03665,      0,      0,       0,       0,       0,       0
total,        116494,    3811,     100,     232,     0.9,     0.8,     1.3,     3.0,    13.6,    17.4,   32.3,  0.03553,      0,      0,       0,       0,       0,       0
total,        120376,    3859,     102,     241,     0.8,     0.8,     1.3,     2.1,    13.2,    14.9,   33.3,  0.03444,      0,      0,       0,       0,       0,       0
total,        124290,    3888,     122,     305,     0.8,     0.8,     1.3,     2.1,    14.4,    21.7,   34.3,  0.03418,      0,      0,       0,       0,       0,       0
total,        128231,    3918,     102,     232,     0.8,     0.8,     1.2,     1.8,    10.7,    15.2,   35.3,  0.03324,      0,      0,       0,       0,       0,       0
total,        132230,    3975,     111,     231,     0.8,     0.8,     1.2,     1.7,     7.8,    16.4,   36.3,  0.03235,      0,      0,       0,       0,       0,       0
total,        136224,    3949,     118,     229,     0.8,     0.8,     1.3,     1.7,    11.3,    16.7,   37.3,  0.03152,      0,      0,       0,       0,       0,       0
total,        140138,    3891,     107,     253,     0.8,     0.8,     1.3,     1.7,    11.8,    19.1,   38.4,  0.03069,      0,      0,       0,       0,       0,       0
total,        144008,    3847,     129,     294,     0.9,     0.8,     1.2,     2.1,    14.2,    15.0,   39.4,  0.03031,      0,      0,       0,       0,       0,       0
total,        147929,    3898,     119,     280,     0.8,     0.8,     1.3,     1.8,    12.0,    13.9,   40.4,  0.02972,      0,      0,       0,       0,       0,       0
total,        151898,    3947,      95,     201,     0.8,     0.8,     1.2,     1.7,    10.5,    15.2,   41.4,  0.02939,      0,      0,       0,       0,       0,       0
total,        155912,    4001,     104,     198,     0.8,     0.8,     1.2,     1.6,     8.8,    14.7,   42.4,  0.02909,      0,      0,       0,       0,       0,       0
total,        159790,    3843,      98,     229,     0.9,     0.8,     1.2,     1.7,    13.9,    43.3,   43.4,  0.02846,      0,      0,       0,       0,       0,       0
total,        163722,    3909,     117,     266,     0.8,     0.8,     1.2,     1.8,    11.9,    12.3,   44.4,  0.02786,      0,      0,       0,       0,       0,       0
total,        167676,    3933,      98,     208,     0.8,     0.7,     1.2,     1.7,    12.6,    16.0,   45.4,  0.02747,      0,      0,       0,       0,       0,       0
total,        171631,    3933,     104,     235,     0.8,     0.7,     1.3,     1.9,    11.9,    28.7,   46.4,  0.02689,      0,      0,       0,       0,       0,       0
total,        175580,    3925,      97,     195,     0.8,     0.8,     1.2,     1.8,    12.0,    13.6,   47.4,  0.02670,      0,      0,       0,       0,       0,       0
total,        179574,    3971,     117,     275,     0.8,     0.8,     1.2,     1.9,    11.0,    13.2,   48.4,  0.02626,      0,      0,       0,       0,       0,       0
total,        183533,    3934,     131,     275,     0.8,     0.8,     1.2,     1.7,    12.8,    16.4,   49.4,  0.02583,      0,      0,       0,       0,       0,       0
total,        187523,    3959,     105,     248,     0.8,     0.8,     1.2,     1.8,    10.7,    13.7,   50.4,  0.02531,      0,      0,       0,       0,       0,       0
total,        191490,    3946,     112,     212,     0.8,     0.8,     1.2,     1.6,    13.3,    25.2,   51.4,  0.02497,      0,      0,       0,       0,       0,       0
total,        195440,    3894,     103,     228,     0.8,     0.8,     1.3,     2.1,    14.1,    18.9,   52.4,  0.02452,      0,      0,       0,       0,       0,       0
total,        199370,    3907,      93,     245,     0.8,     0.7,     1.2,     1.9,    13.5,    16.5,   53.4,  0.02405,      0,      0,       0,       0,       0,       0
total,        203388,    3993,     110,     199,     0.8,     0.8,     1.2,     1.6,    11.1,    14.1,   54.5,  0.02388,      0,      0,       0,       0,       0,       0
total,        207312,    3902,     117,     269,     0.8,     0.8,     1.2,     1.8,    13.1,    15.8,   55.5,  0.02351,      0,      0,       0,       0,       0,       0
total,        211305,    3959,     115,     262,     0.8,     0.7,     1.2,     1.7,    12.6,    15.5,   56.5,  0.02312,      0,      0,       0,       0,       0,       0
total,        215262,    3935,     114,     230,     0.8,     0.7,     1.2,     2.2,     9.3,    12.2,   57.5,  0.02273,      0,      0,       0,       0,       0,       0
total,        219136,    3849,     118,     246,     0.9,     0.8,     1.2,     1.9,    12.8,    20.7,   58.5,  0.02234,      0,      0,       0,       0,       0,       0
total,        223095,    3938,     128,     301,     0.8,     0.8,     1.2,     1.8,    12.7,    17.0,   59.5,  0.02230,      0,      0,       0,       0,       0,       0
total,        227087,    3972,     104,     199,     0.8,     0.7,     1.2,     1.8,    12.4,    14.7,   60.5,  0.02217,      0,      0,       0,       0,       0,       0
total,        231012,    3902,     114,     259,     0.8,     0.8,     1.3,     1.9,     9.5,    18.5,   61.5,  0.02182,      0,      0,       0,       0,       0,       0
total,        234938,    3906,     109,     247,     0.8,     0.8,     1.3,     1.8,    12.5,    15.7,   62.5,  0.02146,      0,      0,       0,       0,       0,       0
total,        238948,    3945,     105,     218,     0.8,     0.7,     1.2,     1.7,    10.2,    17.4,   63.5,  0.02120,      0,      0,       0,       0,       0,       0
total,        242910,    3941,     124,     268,     0.8,     0.8,     1.3,     1.8,    10.0,    42.7,   64.5,  0.02091,      0,      0,       0,       0,       0,       0
total,        246881,    3949,     133,     266,     0.8,     0.7,     1.2,     1.7,    11.1,    38.3,   65.5,  0.02062,      0,      0,       0,       0,       0,       0
total,        250842,    3938,     109,     220,     0.8,     0.8,     1.2,     1.8,    13.2,    24.4,   66.5,  0.02038,      0,      0,       0,       0,       0,       0
total,        254774,    3895,     128,     313,     0.8,     0.8,     1.3,     2.0,    11.5,    15.3,   67.5,  0.02048,      0,      0,       0,       0,       0,       0
total,        258732,    3937,     100,     190,     0.8,     0.8,     1.2,     1.8,    12.1,    17.7,   68.6,  0.02048,      0,      0,       0,       0,       0,       0
total,        262639,    3883,     122,     272,     0.8,     0.8,     1.2,     2.2,    12.9,    13.3,   69.6,  0.02023,      0,      0,       0,       0,       0,       0
total,        266572,    3910,     117,     273,     0.8,     0.8,     1.2,     1.8,    12.4,    19.6,   70.6,  0.02000,      0,      0,       0,       0,       0,       0


Results:
op rate                   : 3778 [timeline:3778]
partition rate            : 109 [timeline:109]
row rate                  : 241 [timeline:241]
latency mean              : 0.9 [timeline:0.9]
latency median            : 0.8 [timeline:0.8]
latency 95th percentile   : 1.2 [timeline:1.2]
latency 99th percentile   : 1.9 [timeline:1.9]
latency 99.9th percentile : 11.7 [timeline:11.7]
latency max               : 177.7 [timeline:177.7]
Total partitions          : 7708 [timeline:7708]
Total errors              : 0 [timeline:0]
total gc count            : 0
total gc mb               : 0
total gc time (s)         : 0
avg gc time(ms)           : NaN
stdev gc time(ms)         : 0
Total operation time      : 00:01:10
Sleeping for 15s
Running with 8 threadCount
Running [timeline] with 8 threads until stderr of mean < 0.02
type,      total ops,    op/s,    pk/s,   row/s,    mean,     med,     .95,     .99,    .999,     max,   time,   stderr, errors,  gc: #,  max ms,  sum ms,  sdv ms,      mb
total,          6067,    6066,     163,     376,     1.2,     1.0,     1.9,     5.2,    21.3,    22.3,    1.0,  0.00000,      0,      0,       0,       0,       0,       0
total,         12555,    6463,     168,     392,     1.1,     1.0,     1.8,     2.5,    10.0,    32.0,    2.0,  0.00704,      0,      0,       0,       0,       0,       0
total,         18918,    6337,     181,     419,     1.1,     1.0,     1.9,     2.6,    11.9,    15.9,    3.0,  0.02211,      0,      0,       0,       0,       0,       0
total,         25301,    6355,     173,     364,     1.1,     1.0,     1.8,     2.9,    14.3,    15.5,    4.0,  0.02530,      0,      0,       0,       0,       0,       0
total,         31441,    6115,     169,     340,     1.1,     1.0,     2.0,     4.3,    10.9,    15.1,    5.0,  0.03146,      0,      0,       0,       0,       0,       0
total,         37861,    6392,     213,     462,     1.1,     1.0,     1.8,     2.7,    10.6,    13.8,    6.0,  0.04065,      0,      0,       0,       0,       0,       0
total,         44151,    6253,     165,     373,     1.1,     1.0,     1.8,     3.1,    15.0,    16.8,    7.0,  0.03580,      0,      0,       0,       0,       0,       0
total,         50620,    6432,     189,     398,     1.1,     1.0,     1.7,     2.8,    11.0,    32.8,    8.0,  0.03132,      0,      0,       0,       0,       0,       0
total,         57025,    6373,     196,     447,     1.1,     1.0,     1.8,     2.8,    12.3,    13.9,    9.0,  0.03106,      0,      0,       0,       0,       0,       0
total,         63511,    6453,     159,     334,     1.1,     0.9,     1.8,     2.6,    12.0,    21.8,   10.0,  0.03228,      0,      0,       0,       0,       0,       0
total,         69947,    6397,     200,     423,     1.1,     1.0,     1.8,     2.8,    11.3,    17.3,   11.0,  0.02997,      0,      0,       0,       0,       0,       0
total,         76468,    6487,     194,     420,     1.1,     0.9,     1.8,     2.7,    12.3,    18.3,   12.1,  0.02781,      0,      0,       0,       0,       0,       0
total,         82989,    6481,     161,     323,     1.1,     1.0,     1.8,     2.6,    10.2,    15.4,   13.1,  0.02950,      0,      0,       0,       0,       0,       0
total,         89527,    6500,     204,     442,     1.1,     1.0,     1.8,     2.4,    13.2,    15.7,   14.1,  0.02860,      0,      0,       0,       0,       0,       0
total,         96113,    6547,     202,     401,     1.1,     0.9,     1.7,     2.6,    10.0,    15.1,   15.1,  0.02669,      0,      0,       0,       0,       0,       0
total,        102531,    6383,     187,     402,     1.1,     0.9,     1.8,     2.6,    12.1,    41.2,   16.1,  0.02501,      0,      0,       0,       0,       0,       0
total,        109112,    6544,     171,     375,     1.1,     1.0,     1.8,     2.7,     6.9,    10.9,   17.1,  0.02380,      0,      0,       0,       0,       0,       0
total,        115676,    6519,     182,     423,     1.1,     1.0,     1.8,     2.6,     8.6,    14.7,   18.1,  0.02273,      0,      0,       0,       0,       0,       0
total,        122170,    6415,     180,     362,     1.1,     0.9,     1.7,     2.9,    11.7,    23.5,   19.1,  0.02208,      0,      0,       0,       0,       0,       0
total,        128624,    6412,     223,     485,     1.1,     1.0,     1.8,     2.5,    11.9,    20.1,   20.1,  0.02354,      0,      0,       0,       0,       0,       0
total,        135160,    6493,     182,     387,     1.1,     0.9,     1.8,     2.9,     8.0,    19.5,   21.1,  0.02248,      0,      0,       0,       0,       0,       0
total,        141691,    6492,     183,     372,     1.1,     0.9,     1.7,     2.4,    15.1,    15.6,   22.1,  0.02164,      0,      0,       0,       0,       0,       0
total,        148263,    6527,     168,     408,     1.1,     1.0,     1.7,     2.5,    12.2,    17.0,   23.1,  0.02071,      0,      0,       0,       0,       0,       0
total,        154821,    6521,     196,     450,     1.1,     0.9,     1.8,     2.5,     9.4,    22.9,   24.1,  0.02046,      0,      0,       0,       0,       0,       0
total,        161175,    6317,     173,     409,     1.1,     0.9,     1.8,     2.6,    15.0,    22.1,   25.1,  0.01965,      0,      0,       0,       0,       0,       0
total,        167779,    6564,     188,     401,     1.1,     1.0,     1.7,     2.3,    11.0,    14.7,   26.1,  0.01889,      0,      0,       0,       0,       0,       0
total,        174192,    6375,     196,     393,     1.1,     1.0,     1.8,     3.1,    14.7,    30.6,   27.2,  0.01822,      0,      0,       0,       0,       0,       0
total,        180737,    6509,     190,     397,     1.1,     1.0,     1.7,     2.4,    11.3,    19.2,   28.2,  0.01757,      0,      0,       0,       0,       0,       0
total,        187349,    6565,     184,     434,     1.1,     0.9,     1.7,     2.4,    10.8,    14.1,   29.2,  0.01716,      0,      0,       0,       0,       0,       0
total,        194012,    6618,     210,     438,     1.0,     0.9,     1.7,     2.3,     7.6,    15.1,   30.2,  0.01682,      0,      0,       0,       0,       0,       0


Results:
op rate                   : 6429 [timeline:6429]
partition rate            : 185 [timeline:185]
row rate                  : 401 [timeline:401]
latency mean              : 1.1 [timeline:1.1]
latency median            : 0.9 [timeline:0.9]
latency 95th percentile   : 1.7 [timeline:1.7]
latency 99th percentile   : 2.3 [timeline:2.3]
latency 99.9th percentile : 11.0 [timeline:11.0]
latency max               : 41.2 [timeline:41.2]
Total partitions          : 5580 [timeline:5580]
Total errors              : 0 [timeline:0]
total gc count            : 0
total gc mb               : 0
total gc time (s)         : 0
avg gc time(ms)           : NaN
stdev gc time(ms)         : 0
Total operation time      : 00:00:30
Improvement over 4 threadCount: 70%
Sleeping for 15s
Running with 16 threadCount
Running [timeline] with 16 threads until stderr of mean < 0.02
type,      total ops,    op/s,    pk/s,   row/s,    mean,     med,     .95,     .99,    .999,     max,   time,   stderr, errors,  gc: #,  max ms,  sum ms,  sdv ms,      mb
total,          8768,    8766,     274,     556,     1.7,     1.5,     3.0,     4.7,    20.8,    25.0,    1.0,  0.00000,      0,      0,       0,       0,       0,       0
total,         17442,    8631,     250,     559,     1.7,     1.5,     3.2,     5.3,    12.9,    16.2,    2.0,  0.00213,      0,      0,       0,       0,       0,       0
total,         26067,    8570,     258,     597,     1.7,     1.5,     3.1,     5.2,    16.4,    18.1,    3.0,  0.01893,      0,      0,       0,       0,       0,       0
total,         34894,    8764,     254,     550,     1.7,     1.5,     3.0,     4.9,    12.1,    13.2,    4.0,  0.01638,      0,      0,       0,       0,       0,       0
total,         43526,    8538,     238,     574,     1.7,     1.5,     3.1,     5.9,    17.5,    23.7,    5.0,  0.01331,      0,      0,       0,       0,       0,       0
total,         52315,    8707,     224,     521,     1.7,     1.5,     3.1,     5.3,    11.8,    18.5,    6.0,  0.01684,      0,      0,       0,       0,       0,       0
total,         61083,    8699,     242,     509,     1.7,     1.4,     3.1,     5.2,    14.9,    33.3,    7.0,  0.01898,      0,      0,       0,       0,       0,       0
total,         69902,    8743,     258,     572,     1.7,     1.5,     3.0,     5.1,    18.3,    26.2,    8.1,  0.01705,      0,      0,       0,       0,       0,       0
total,         78699,    8715,     254,     610,     1.7,     1.5,     3.0,     4.8,    14.4,    17.8,    9.1,  0.01822,      0,      0,       0,       0,       0,       0
total,         87414,    8655,     266,     643,     1.7,     1.5,     3.1,     5.5,    11.9,    14.0,   10.1,  0.02113,      0,      0,       0,       0,       0,       0
total,         96318,    8817,     236,     523,     1.6,     1.5,     3.0,     4.8,    10.5,    13.6,   11.1,  0.02061,      0,      0,       0,       0,       0,       0
total,        105014,    8621,     267,     628,     1.7,     1.5,     3.1,     5.7,    14.4,    20.2,   12.1,  0.02073,      0,      0,       0,       0,       0,       0
total,        113893,    8811,     279,     619,     1.7,     1.5,     3.1,     5.1,    13.3,    15.7,   13.1,  0.02003,      0,      0,       0,       0,       0,       0
total,        122658,    8625,     234,     520,     1.7,     1.4,     3.1,     6.6,    12.6,    14.2,   14.1,  0.01984,      0,      0,       0,       0,       0,       0
total,        131137,    8395,     246,     560,     1.7,     1.5,     3.3,     6.8,    14.5,    22.4,   15.1,  0.01857,      0,      0,       0,       0,       0,       0
total,        139400,    8165,     246,     575,     1.8,     1.5,     3.5,     5.9,    13.5,    16.8,   16.1,  0.01741,      0,      0,       0,       0,       0,       0
total,        148113,    8645,     265,     621,     1.7,     1.4,     3.2,     6.1,    11.6,    15.5,   17.1,  0.01708,      0,      0,       0,       0,       0,       0
total,        156938,    8745,     281,     627,     1.7,     1.5,     3.1,     5.4,    14.1,    40.5,   18.2,  0.01684,      0,      0,       0,       0,       0,       0
total,        165648,    8627,     251,     580,     1.7,     1.5,     3.2,     5.7,    17.4,    21.5,   19.2,  0.01596,      0,      0,       0,       0,       0,       0
total,        174396,    8651,     260,     613,     1.7,     1.5,     3.0,     5.0,    17.8,    19.6,   20.2,  0.01543,      0,      0,       0,       0,       0,       0
total,        183118,    8631,     254,     553,     1.7,     1.5,     3.2,     5.7,    13.0,    30.6,   21.2,  0.01486,      0,      0,       0,       0,       0,       0
total,        192007,    8810,     228,     493,     1.7,     1.4,     3.1,     4.8,    15.9,    19.1,   22.2,  0.01548,      0,      0,       0,       0,       0,       0
total,        200712,    8634,     257,     551,     1.7,     1.5,     3.1,     5.4,    12.5,    15.3,   23.2,  0.01492,      0,      0,       0,       0,       0,       0
total,        209529,    8679,     266,     585,     1.7,     1.5,     3.1,     5.5,    12.9,    15.7,   24.2,  0.01431,      0,      0,       0,       0,       0,       0
total,        218382,    8751,     274,     616,     1.7,     1.5,     3.1,     4.9,    10.4,    16.8,   25.2,  0.01401,      0,      0,       0,       0,       0,       0
total,        227113,    8660,     259,     573,     1.7,     1.4,     3.2,     5.9,    12.2,    18.8,   26.2,  0.01347,      0,      0,       0,       0,       0,       0
total,        235894,    8698,     244,     497,     1.7,     1.5,     3.1,     6.0,    11.0,    32.5,   27.2,  0.01393,      0,      0,       0,       0,       0,       0
total,        244575,    8607,     266,     597,     1.7,     1.5,     3.1,     5.4,    13.9,    14.8,   28.3,  0.01350,      0,      0,       0,       0,       0,       0
total,        253352,    8699,     269,     599,     1.7,     1.5,     3.1,     4.8,    15.4,    17.4,   29.3,  0.01311,      0,      0,       0,       0,       0,       0
total,        262069,    8648,     279,     613,     1.7,     1.5,     3.1,     6.3,    11.3,    15.9,   30.3,  0.01284,      0,      0,       0,       0,       0,       0
total,        262139,    5337,     152,     305,     2.5,     1.7,     9.3,    11.2,    11.2,    11.2,   30.3,  0.01970,      0,      0,       0,       0,       0,       0


Results:
op rate                   : 8655 [timeline:8655]
partition rate            : 256 [timeline:256]
row rate                  : 574 [timeline:574]
latency mean              : 1.7 [timeline:1.7]
latency median            : 1.5 [timeline:1.5]
latency 95th percentile   : 3.0 [timeline:3.0]
latency 99th percentile   : 4.4 [timeline:4.4]
latency 99.9th percentile : 12.0 [timeline:12.0]
latency max               : 40.5 [timeline:40.5]
Total partitions          : 7748 [timeline:7748]
Total errors              : 0 [timeline:0]
total gc count            : 0
total gc mb               : 0
total gc time (s)         : 0
avg gc time(ms)           : NaN
stdev gc time(ms)         : 0
Total operation time      : 00:00:30
Improvement over 8 threadCount: 35%
Sleeping for 15s
Running with 24 threadCount
Running [timeline] with 24 threads until stderr of mean < 0.02
type,      total ops,    op/s,    pk/s,   row/s,    mean,     med,     .95,     .99,    .999,     max,   time,   stderr, errors,  gc: #,  max ms,  sum ms,  sdv ms,      mb
total,          8595,    8594,     239,     500,     2.7,     1.9,     5.1,    10.4,   148.8,   156.6,    1.0,  0.00000,      0,      0,       0,       0,       0,       0
total,         18087,    9416,     279,     613,     2.4,     1.9,     4.8,    12.0,    28.1,    43.2,    2.0,  0.07188,      0,      0,       0,       0,       0,       0
total,         27704,    9539,     249,     530,     2.3,     2.0,     4.8,     9.2,    15.7,    22.6,    3.0,  0.05050,      0,      0,       0,       0,       0,       0
total,         37353,    9480,     298,     644,     2.3,     1.9,     4.8,     9.8,    16.8,    58.0,    4.0,  0.05136,      0,      0,       0,       0,       0,       0
total,         46967,    9524,     308,     640,     2.3,     1.9,     5.0,    10.0,    18.0,    35.5,    5.0,  0.04525,      0,      0,       0,       0,       0,       0
total,         56603,    9503,     291,     674,     2.3,     2.0,     4.6,     8.1,    16.3,    48.8,    6.1,  0.04307,      0,      0,       0,       0,       0,       0
total,         66037,    9328,     291,     669,     2.4,     1.9,     5.0,    13.3,    20.6,    27.4,    7.1,  0.03932,      0,      0,       0,       0,       0,       0
total,         75732,    9561,     289,     614,     2.3,     2.0,     4.4,     8.8,    21.8,    34.4,    8.1,  0.03438,      0,      0,       0,       0,       0,       0
total,         85170,    9326,     267,     543,     2.4,     1.9,     5.4,    11.1,    15.6,    17.1,    9.1,  0.03312,      0,      0,       0,       0,       0,       0
total,         94882,    9619,     259,     515,     2.3,     2.0,     4.5,     7.5,    16.4,    37.3,   10.1,  0.03334,      0,      0,       0,       0,       0,       0
total,        104441,    9495,     294,     666,     2.3,     2.0,     4.6,     9.1,    13.7,    34.6,   11.1,  0.03171,      0,      0,       0,       0,       0,       0
total,        114317,    9577,     300,     714,     2.3,     2.0,     4.4,     9.5,    16.5,    61.7,   12.1,  0.03221,      0,      0,       0,       0,       0,       0
total,        123894,    9489,     265,     514,     2.3,     2.0,     4.8,    10.1,    21.5,    26.0,   13.2,  0.03231,      0,      0,       0,       0,       0,       0
total,        133404,    9361,     267,     616,     2.4,     1.9,     5.2,     9.9,    17.5,    25.9,   14.2,  0.02999,      0,      0,       0,       0,       0,       0
total,        143199,    9627,     262,     530,     2.3,     2.0,     4.5,     8.1,    13.1,    23.2,   15.2,  0.02932,      0,      0,       0,       0,       0,       0
total,        152739,    9372,     262,     553,     2.4,     2.0,     4.8,     9.8,    17.9,    59.0,   16.2,  0.02801,      0,      0,       0,       0,       0,       0
total,        162342,    9469,     278,     657,     2.3,     1.9,     4.8,    10.7,    22.7,    29.7,   17.2,  0.02683,      0,      0,       0,       0,       0,       0
total,        172084,    9611,     282,     637,     2.3,     2.0,     4.6,     8.3,    14.0,    28.8,   18.2,  0.02548,      0,      0,       0,       0,       0,       0
total,        181568,    9354,     287,     611,     2.4,     2.0,     5.0,    10.2,    17.3,    23.8,   19.2,  0.02414,      0,      0,       0,       0,       0,       0
total,        191142,    9459,     266,     616,     2.4,     2.0,     4.5,     9.1,    16.6,    41.8,   20.3,  0.02293,      0,      0,       0,       0,       0,       0
total,        200974,    9640,     276,     633,     2.3,     2.0,     4.4,     8.8,    17.0,    35.8,   21.3,  0.02191,      0,      0,       0,       0,       0,       0
total,        210603,    9490,     246,     543,     2.4,     2.0,     4.9,     9.6,    18.0,    36.7,   22.3,  0.02149,      0,      0,       0,       0,       0,       0
total,        220339,    9621,     247,     558,     2.3,     2.0,     4.5,     8.1,    13.8,    26.5,   23.3,  0.02085,      0,      0,       0,       0,       0,       0
total,        229906,    9470,     271,     612,     2.4,     1.9,     4.9,    11.3,    20.2,    26.1,   24.3,  0.01998,      0,      0,       0,       0,       0,       0
total,        239556,    9449,     264,     596,     2.4,     2.1,     4.4,     8.6,    18.0,    22.4,   25.3,  0.01919,      0,      0,       0,       0,       0,       0
total,        249122,    9422,     261,     604,     2.4,     2.0,     4.7,    10.0,    19.8,    34.1,   26.4,  0.01845,      0,      0,       0,       0,       0,       0
total,        258661,    9393,     275,     665,     2.4,     2.1,     4.5,     9.2,    16.7,    22.7,   27.4,  0.01812,      0,      0,       0,       0,       0,       0
total,        268186,    9418,     263,     601,     2.4,     2.0,     4.9,    10.6,    19.7,    38.1,   28.4,  0.01747,      0,      0,       0,       0,       0,       0
total,        277872,    9437,     259,     595,     2.4,     2.0,     4.8,     9.8,    18.8,    30.0,   29.4,  0.01688,      0,      0,       0,       0,       0,       0
total,        287457,    9500,     272,     556,     2.3,     2.0,     4.6,     9.8,    18.7,    31.6,   30.4,  0.01655,      0,      0,       0,       0,       0,       0
total,        287667,    7732,     221,     479,     2.8,     2.0,     7.9,    13.2,    19.6,    19.6,   30.4,  0.01738,      0,      0,       0,       0,       0,       0


Results:
op rate                   : 9450 [timeline:9450]
partition rate            : 272 [timeline:272]
row rate                  : 601 [timeline:601]
latency mean              : 2.4 [timeline:2.4]
latency median            : 2.0 [timeline:2.0]
latency 95th percentile   : 4.4 [timeline:4.4]
latency 99th percentile   : 7.2 [timeline:7.2]
latency 99.9th percentile : 15.9 [timeline:15.9]
latency max               : 156.6 [timeline:156.6]
Total partitions          : 8284 [timeline:8284]
Total errors              : 0 [timeline:0]
total gc count            : 0
total gc mb               : 0
total gc time (s)         : 0
avg gc time(ms)           : NaN
stdev gc time(ms)         : 0
Total operation time      : 00:00:30
Improvement over 16 threadCount: 9%
Sleeping for 15s
Running with 36 threadCount
Running [timeline] with 36 threads until stderr of mean < 0.02
type,      total ops,    op/s,    pk/s,   row/s,    mean,     med,     .95,     .99,    .999,     max,   time,   stderr, errors,  gc: #,  max ms,  sum ms,  sdv ms,      mb
total,         10099,   10099,     299,     678,     3.4,     2.7,     7.7,    18.4,    32.9,    38.2,    1.0,  0.00000,      0,      0,       0,       0,       0,       0
total,         19882,    9634,     289,     615,     3.5,     2.8,     8.3,    16.0,    30.3,    66.2,    2.0,  0.03472,      0,      0,       0,       0,       0,       0
total,         29730,    9735,     281,     627,     3.5,     2.9,     7.7,    17.7,    29.1,    68.4,    3.0,  0.02481,      0,      0,       0,       0,       0,       0
total,         39704,    9715,     277,     641,     3.5,     2.8,     8.1,    16.3,    29.4,    35.8,    4.1,  0.01860,      0,      0,       0,       0,       0,       0
total,         49470,    9562,     295,     655,     3.6,     3.0,     7.6,    15.8,    28.2,    34.3,    5.1,  0.01539,      0,      0,       0,       0,       0,       0
total,         59178,    9471,     276,     621,     3.6,     3.0,     7.7,    16.6,    34.1,    66.0,    6.1,  0.01389,      0,      0,       0,       0,       0,       0
total,         69144,    9770,     316,     655,     3.5,     3.0,     7.2,    13.4,    25.6,    38.1,    7.1,  0.01228,      0,      0,       0,       0,       0,       0
total,         79171,    9632,     278,     534,     3.5,     2.7,     8.8,    16.9,    29.7,    41.8,    8.2,  0.02283,      0,      0,       0,       0,       0,       0
total,         88919,    9586,     284,     658,     3.6,     3.0,     7.7,    16.0,    22.6,    28.1,    9.2,  0.02078,      0,      0,       0,       0,       0,       0
total,         98883,    9788,     271,     644,     3.5,     3.0,     7.6,    12.7,    21.6,    62.9,   10.2,  0.01877,      0,      0,       0,       0,       0,       0
total,        108581,    9584,     294,     668,     3.6,     3.0,     8.0,    14.5,    29.4,    46.4,   11.2,  0.01764,      0,      0,       0,       0,       0,       0
total,        118707,    9776,     296,     658,     3.5,     2.6,     8.5,    20.8,    33.7,    50.7,   12.2,  0.01637,      0,      0,       0,       0,       0,       0
total,        128642,    9681,     284,     645,     3.5,     3.0,     7.3,    14.2,    21.4,   119.7,   13.3,  0.01512,      0,      0,       0,       0,       0,       0
total,        138638,    9736,     283,     667,     3.5,     3.0,     7.5,    15.0,    21.3,    93.8,   14.3,  0.01433,      0,      0,       0,       0,       0,       0
total,        148486,    9607,     270,     626,     3.6,     2.9,     8.2,    14.7,    23.7,    82.6,   15.3,  0.01347,      0,      0,       0,       0,       0,       0
total,        158409,    9753,     294,     696,     3.5,     2.8,     8.1,    14.6,    40.1,   111.1,   16.3,  0.01363,      0,      0,       0,       0,       0,       0
total,        168304,    9713,     270,     574,     3.5,     2.8,     7.9,    16.1,    34.8,    54.9,   17.4,  0.01430,      0,      0,       0,       0,       0,       0
total,        178228,    9728,     314,     608,     3.5,     2.9,     7.7,    13.3,    20.5,    47.0,   18.4,  0.01380,      0,      0,       0,       0,       0,       0
total,        188111,    9617,     278,     668,     3.6,     3.0,     7.9,    13.9,    19.8,    32.0,   19.4,  0.01328,      0,      0,       0,       0,       0,       0
total,        198090,    9738,     276,     586,     3.5,     2.7,     8.8,    14.0,    24.2,    27.8,   20.4,  0.01331,      0,      0,       0,       0,       0,       0
total,        207943,    9654,     285,     662,     3.5,     3.0,     7.9,    15.4,    21.1,    28.0,   21.5,  0.01279,      0,      0,       0,       0,       0,       0
total,        217780,    9608,     253,     527,     3.5,     2.8,     8.7,    16.7,    26.1,    29.8,   22.5,  0.01453,      0,      0,       0,       0,       0,       0
total,        227587,    9638,     249,     606,     3.5,     2.7,     8.6,    16.5,    29.1,    36.6,   23.5,  0.01404,      0,      0,       0,       0,       0,       0
total,        237543,    9752,     279,     676,     3.5,     2.9,     7.7,    15.6,    32.5,    50.6,   24.5,  0.01372,      0,      0,       0,       0,       0,       0
total,        247192,    9537,     264,     538,     3.6,     3.0,     8.0,    15.9,    23.4,    37.2,   25.5,  0.01452,      0,      0,       0,       0,       0,       0
total,        257157,    9782,     296,     608,     3.5,     2.7,     8.2,    15.7,    40.2,    51.0,   26.5,  0.01404,      0,      0,       0,       0,       0,       0
total,        267105,    9698,     281,     602,     3.5,     2.9,     8.2,    14.5,    28.9,    62.4,   27.6,  0.01363,      0,      0,       0,       0,       0,       0
total,        275223,    7962,     215,     491,     4.2,     3.0,     8.1,    16.8,   177.1,   181.8,   28.6,  0.01530,      0,      0,       0,       0,       0,       0
total,        285291,    9754,     304,     690,     3.5,     3.0,     7.2,    13.2,    25.3,    36.7,   29.6,  0.01516,      0,      0,       0,       0,       0,       0
total,        294940,    9504,     299,     663,     3.6,     2.8,     8.4,    19.0,    33.5,    53.4,   30.6,  0.01476,      0,      0,       0,       0,       0,       0
total,        295109,    7937,     188,     235,     4.2,     3.2,    10.3,    16.6,    16.9,    16.9,   30.7,  0.02495,      0,      0,       0,       0,       0,       0


Results:
op rate                   : 9626 [timeline:9626]
partition rate            : 282 [timeline:282]
row rate                  : 626 [timeline:626]
latency mean              : 3.5 [timeline:3.5]
latency median            : 2.9 [timeline:2.9]
latency 95th percentile   : 7.3 [timeline:7.3]
latency 99th percentile   : 12.8 [timeline:12.8]
latency 99.9th percentile : 25.8 [timeline:25.8]
latency max               : 181.8 [timeline:181.8]
Total partitions          : 8633 [timeline:8633]
Total errors              : 0 [timeline:0]
total gc count            : 0
total gc mb               : 0
total gc time (s)         : 0
avg gc time(ms)           : NaN
stdev gc time(ms)         : 0
Total operation time      : 00:00:30
Improvement over 24 threadCount: 2%
Sleeping for 15s
Running with 54 threadCount
Running [timeline] with 54 threads until stderr of mean < 0.02
type,      total ops,    op/s,    pk/s,   row/s,    mean,     med,     .95,     .99,    .999,     max,   time,   stderr, errors,  gc: #,  max ms,  sum ms,  sdv ms,      mb
total,          9326,    9322,     270,     587,     5.9,     4.2,    12.6,    27.1,   155.8,   166.2,    1.0,  0.00000,      0,      0,       0,       0,       0,       0
total,         19282,    9756,     300,     699,     5.3,     3.8,    13.6,    27.9,    83.3,   110.5,    2.0,  0.06156,      0,      0,       0,       0,       0,       0
total,         29259,    9615,     289,     647,     5.4,     4.3,    13.7,    25.4,    48.0,    55.0,    3.1,  0.04099,      0,      0,       0,       0,       0,       0
total,         39236,    9773,     271,     598,     5.3,     3.8,    14.9,    27.3,    41.9,    48.6,    4.1,  0.03512,      0,      0,       0,       0,       0,       0
total,         49007,    9494,     274,     669,     5.5,     4.0,    15.3,    27.7,    54.2,    75.4,    5.1,  0.02964,      0,      0,       0,       0,       0,       0
total,         58956,    9760,     300,     627,     5.3,     3.9,    14.4,    25.2,    47.5,   115.2,    6.1,  0.02498,      0,      0,       0,       0,       0,       0
total,         68931,    9694,     295,     600,     5.4,     4.2,    14.1,    23.8,    41.3,    47.2,    7.2,  0.02301,      0,      0,       0,       0,       0,       0
total,         78707,    9605,     268,     568,     5.4,     4.0,    14.6,    28.0,    51.5,    88.9,    8.2,  0.02369,      0,      0,       0,       0,       0,       0
total,         88742,    9734,     282,     651,     5.3,     4.0,    14.3,    24.5,    38.7,    44.4,    9.2,  0.02143,      0,      0,       0,       0,       0,       0
total,         98493,    9624,     308,     676,     5.4,     4.1,    15.1,    22.4,    32.5,    50.6,   10.2,  0.02050,      0,      0,       0,       0,       0,       0
total,        108270,    9466,     283,     596,     5.5,     4.2,    14.8,    22.5,    41.6,   106.6,   11.3,  0.01936,      0,      0,       0,       0,       0,       0
total,        118505,    9736,     260,     542,     5.3,     3.9,    14.6,    22.7,    39.3,    51.8,   12.3,  0.02111,      0,      0,       0,       0,       0,       0
total,        128176,    9454,     269,     560,     5.5,     3.9,    15.3,    27.2,    38.3,    50.7,   13.3,  0.02097,      0,      0,       0,       0,       0,       0
total,        135021,    6506,     174,     402,     7.9,     4.6,    25.5,    41.5,    71.2,    77.8,   14.4,  0.03167,      0,      0,       0,       0,       0,       0
total,        141360,    5989,     185,     424,     8.7,     6.8,    22.7,    36.0,    51.7,    68.3,   15.4,  0.03583,      0,      0,       0,       0,       0,       0
total,        147974,    6136,     181,     389,     8.4,     5.4,    26.6,    41.4,    65.0,   101.6,   16.5,  0.04028,      0,      0,       0,       0,       0,       0
total,        154689,    6400,     195,     449,     8.1,     4.8,    26.0,    42.1,    58.6,    65.2,   17.6,  0.04050,      0,      0,       0,       0,       0,       0
total,        161451,    6332,     204,     462,     8.1,     5.0,    26.7,    47.4,    71.0,   122.5,   18.6,  0.04002,      0,      0,       0,       0,       0,       0
total,        168056,    6198,     198,     442,     8.5,     5.9,    25.0,    41.1,    73.2,   101.4,   19.7,  0.03994,      0,      0,       0,       0,       0,       0
total,        174702,    6233,     192,     407,     8.3,     5.2,    27.6,    42.2,    63.2,    83.9,   20.8,  0.04070,      0,      0,       0,       0,       0,       0
total,        181098,    6113,     175,     389,     8.4,     6.2,    23.7,    36.6,    77.2,    90.7,   21.8,  0.04166,      0,      0,       0,       0,       0,       0
total,        187925,    6307,     213,     454,     8.3,     5.6,    26.2,    38.6,    56.9,    69.7,   22.9,  0.04070,      0,      0,       0,       0,       0,       0
total,        194166,    5954,     171,     357,     8.7,     4.6,    29.9,    61.7,   106.9,   117.9,   23.9,  0.04210,      0,      0,       0,       0,       0,       0
total,        201045,    6641,     172,     329,     7.6,     4.4,    24.5,    49.3,    73.5,    99.5,   25.0,  0.04390,      0,      0,       0,       0,       0,       0
total,        211196,    9651,     294,     683,     5.4,     3.0,    18.4,    31.4,    47.8,    57.1,   26.0,  0.04331,      0,      0,       0,       0,       0,       0
total,        220822,    9365,     279,     618,     5.5,     4.1,    14.8,    26.1,    40.5,    88.9,   27.1,  0.04186,      0,      0,       0,       0,       0,       0
total,        230548,    9431,     253,     522,     5.5,     4.3,    14.3,    24.8,    39.6,    44.2,   28.1,  0.04034,      0,      0,       0,       0,       0,       0
total,        240268,    9520,     310,     643,     5.5,     4.2,    14.0,    28.8,    48.4,    51.1,   29.1,  0.03930,      0,      0,       0,       0,       0,       0
total,        250202,    9628,     276,     564,     5.4,     3.9,    15.1,    27.9,    56.3,    82.5,   30.1,  0.03792,      0,      0,       0,       0,       0,       0
total,        260113,    9540,     284,     639,     5.4,     3.7,    15.8,    31.9,    69.8,   116.1,   31.2,  0.03696,      0,      0,       0,       0,       0,       0
total,        270066,    9700,     295,     693,     5.4,     4.0,    15.1,    24.4,    37.7,    59.5,   32.2,  0.03655,      0,      0,       0,       0,       0,       0
total,        280428,    9374,     275,     637,     5.5,     3.9,    16.0,    30.2,    44.4,    57.1,   33.3,  0.03560,      0,      0,       0,       0,       0,       0
total,        290110,    9434,     259,     640,     5.5,     4.2,    14.8,    26.7,    40.5,    53.0,   34.3,  0.03471,      0,      0,       0,       0,       0,       0
total,        299794,    9522,     279,     613,     5.5,     4.1,    14.3,    23.0,    80.8,   110.8,   35.4,  0.03373,      0,      0,       0,       0,       0,       0
total,        309611,    9596,     290,     591,     5.4,     4.0,    14.0,    26.7,    82.2,    98.2,   36.4,  0.03276,      0,      0,       0,       0,       0,       0
total,        319490,    9651,     266,     604,     5.4,     3.8,    15.2,    24.1,    45.1,    51.8,   37.4,  0.03187,      0,      0,       0,       0,       0,       0
total,        329137,    9494,     264,     563,     5.5,     3.9,    15.5,    25.0,    42.4,    52.0,   38.4,  0.03100,      0,      0,       0,       0,       0,       0
total,        339022,    9655,     272,     602,     5.4,     4.1,    14.8,    26.7,    43.6,    69.4,   39.4,  0.03020,      0,      0,       0,       0,       0,       0
total,        348494,    9344,     300,     622,     5.6,     4.0,    15.7,    27.8,    42.8,    82.3,   40.5,  0.02948,      0,      0,       0,       0,       0,       0
total,        358326,    9408,     232,     501,     5.5,     4.0,    14.9,    29.3,    42.3,    52.2,   41.5,  0.02893,      0,      0,       0,       0,       0,       0
total,        367461,    8963,     277,     594,     5.8,     3.5,    18.0,    32.8,    59.0,    68.4,   42.5,  0.02822,      0,      0,       0,       0,       0,       0
total,        377253,    9574,     292,     671,     5.4,     4.2,    14.6,    23.6,    39.4,    57.8,   43.5,  0.02783,      0,      0,       0,       0,       0,       0
total,        386804,    9381,     260,     578,     5.5,     3.8,    16.0,    27.0,    58.2,   103.0,   44.6,  0.02717,      0,      0,       0,       0,       0,       0
total,        396536,    9517,     271,     593,     5.5,     3.5,    17.3,    28.9,    47.5,    83.2,   45.6,  0.02655,      0,      0,       0,       0,       0,       0
total,        406402,    9630,     268,     623,     5.4,     3.6,    16.1,    29.3,    69.6,    81.9,   46.6,  0.02601,      0,      0,       0,       0,       0,       0
total,        416029,    9463,     260,     538,     5.5,     4.2,    14.4,    25.2,    39.0,    50.1,   47.6,  0.02548,      0,      0,       0,       0,       0,       0
total,        425734,    9496,     305,     647,     5.5,     4.0,    15.3,    25.3,    41.3,    58.9,   48.6,  0.02506,      0,      0,       0,       0,       0,       0
total,        434136,    8226,     266,     584,     6.3,     4.4,    17.8,    35.5,    51.3,    57.1,   49.7,  0.02453,      0,      0,       0,       0,       0,       0
total,        443598,    9323,     297,     631,     5.6,     3.7,    16.6,    30.1,    48.2,    55.1,   50.7,  0.02409,      0,      0,       0,       0,       0,       0
total,        452947,    8920,     261,     533,     5.8,     4.3,    16.2,    29.2,    45.9,    62.5,   51.7,  0.02366,      0,      0,       0,       0,       0,       0
total,        461156,    7973,     229,     522,     6.5,     3.7,    21.5,    33.2,    50.6,    68.5,   52.8,  0.02328,      0,      0,       0,       0,       0,       0
total,        467721,    6355,     191,     409,     8.3,     5.3,    25.7,    43.6,    68.5,    91.8,   53.8,  0.02355,      0,      0,       0,       0,       0,       0
total,        476172,    8112,     265,     612,     6.5,     5.0,    17.4,    26.4,    84.2,    94.1,   54.8,  0.02313,      0,      0,       0,       0,       0,       0
total,        485330,    8838,     286,     668,     5.9,     4.1,    17.0,    30.1,    46.2,    62.0,   55.9,  0.02288,      0,      0,       0,       0,       0,       0
total,        495263,    9748,     267,     589,     5.3,     3.8,    13.9,    25.9,    53.0,    58.4,   56.9,  0.02246,      0,      0,       0,       0,       0,       0
total,        505135,    9665,     301,     640,     5.4,     3.7,    16.7,    28.4,    38.0,    54.3,   57.9,  0.02213,      0,      0,       0,       0,       0,       0
total,        515090,    9660,     285,     652,     5.4,     4.0,    14.1,    25.7,    58.8,    80.1,   58.9,  0.02185,      0,      0,       0,       0,       0,       0
total,        524826,    9513,     284,     684,     5.5,     3.7,    16.6,    26.7,    41.5,    62.1,   60.0,  0.02168,      0,      0,       0,       0,       0,       0
total,        534744,    9548,     298,     682,     5.5,     3.9,    15.5,    27.6,    41.5,    54.6,   61.0,  0.02150,      0,      0,       0,       0,       0,       0
total,        544543,    9600,     278,     580,     5.4,     4.3,    12.9,    23.1,    39.2,    53.1,   62.0,  0.02113,      0,      0,       0,       0,       0,       0
total,        554381,    9642,     276,     551,     5.4,     4.2,    13.5,    25.1,    50.5,    80.6,   63.0,  0.02081,      0,      0,       0,       0,       0,       0
total,        564147,    9567,     261,     580,     5.4,     4.0,    15.1,    25.2,    68.4,    90.5,   64.1,  0.02047,      0,      0,       0,       0,       0,       0
total,        573875,    9538,     268,     578,     5.5,     3.8,    15.6,    26.7,    47.7,    89.0,   65.1,  0.02014,      0,      0,       0,       0,       0,       0
total,        583795,    9749,     293,     678,     5.3,     3.9,    14.8,    23.9,    45.5,    49.6,   66.1,  0.01998,      0,      0,       0,       0,       0,       0
total,        584189,    9461,     264,     696,     5.8,     4.1,    14.3,    39.0,    41.1,    41.1,   66.1,  0.01988,      0,      0,       0,       0,       0,       0


Results:
op rate                   : 8832 [timeline:8832]
partition rate            : 260 [timeline:260]
row rate                  : 572 [timeline:572]
latency mean              : 5.9 [timeline:5.9]
latency median            : 4.0 [timeline:4.0]
latency 95th percentile   : 15.5 [timeline:15.5]
latency 99th percentile   : 26.2 [timeline:26.2]
latency 99.9th percentile : 47.3 [timeline:47.3]
latency max               : 166.2 [timeline:166.2]
Total partitions          : 17230 [timeline:17230]
Total errors              : 0 [timeline:0]
total gc count            : 0
total gc mb               : 0
total gc time (s)         : 0
avg gc time(ms)           : NaN
stdev gc time(ms)         : 0
Total operation time      : 00:01:06
Improvement over 36 threadCount: -8%
Sleeping for 15s
Running with 81 threadCount
Running [timeline] with 81 threads until stderr of mean < 0.02
type,      total ops,    op/s,    pk/s,   row/s,    mean,     med,     .95,     .99,    .999,     max,   time,   stderr, errors,  gc: #,  max ms,  sum ms,  sdv ms,      mb
total,          8299,    8297,     263,     568,     9.6,     5.6,    26.2,    99.6,   187.4,   197.8,    1.0,  0.00000,      0,      0,       0,       0,       0,       0
total,         18016,    9484,     276,     621,     8.3,     6.3,    22.3,    38.1,    54.6,    64.0,    2.0,  0.03147,      0,      0,       0,       0,       0,       0
total,         28132,    9696,     293,     634,     8.1,     5.7,    25.2,    44.5,    67.8,   102.1,    3.1,  0.02703,      0,      0,       0,       0,       0,       0
total,         38192,    9556,     290,     667,     8.2,     5.0,    25.4,    45.4,    90.0,   105.3,    4.1,  0.02862,      0,      0,       0,       0,       0,       0
total,         48172,    9625,     295,     602,     8.2,     5.7,    24.8,    41.8,    59.8,    67.3,    5.2,  0.02380,      0,      0,       0,       0,       0,       0
total,         58273,    9715,     289,     612,     8.1,     5.6,    23.2,    34.3,    45.7,    54.3,    6.2,  0.01993,      0,      0,       0,       0,       0,       0
total,         68066,    9335,     279,     621,     8.5,     5.9,    24.6,    42.7,    88.1,   100.9,    7.2,  0.01709,      0,      0,       0,       0,       0,       0
total,         78411,    9741,     292,     609,     8.1,     5.6,    23.1,    38.1,    56.9,    79.7,    8.3,  0.01506,      0,      0,       0,       0,       0,       0
total,         88237,    9375,     263,     590,     8.4,     5.9,    26.3,    41.2,    53.0,    55.7,    9.4,  0.01421,      0,      0,       0,       0,       0,       0
total,         98190,    9614,     288,     640,     8.2,     5.7,    24.1,    42.0,    72.2,   103.2,   10.4,  0.01339,      0,      0,       0,       0,       0,       0
total,        108316,    9733,     293,     638,     8.1,     4.9,    24.2,    49.3,    90.1,    97.7,   11.4,  0.01252,      0,      0,       0,       0,       0,       0
total,        118416,    9640,     281,     660,     8.2,     5.2,    23.8,    53.8,    80.8,   113.2,   12.5,  0.01263,      0,      0,       0,       0,       0,       0
total,        128251,    9495,     282,     633,     8.2,     5.5,    24.2,    39.8,    61.6,    66.3,   13.5,  0.01172,      0,      0,       0,       0,       0,       0
total,        138397,    9700,     273,     595,     8.0,     5.4,    24.3,    42.1,    71.9,    83.9,   14.6,  0.01136,      0,      0,       0,       0,       0,       0
total,        148369,    9546,     259,     634,     8.3,     5.5,    25.5,    41.2,    59.2,    88.8,   15.6,  0.01067,      0,      0,       0,       0,       0,       0
total,        158495,    9514,     278,     659,     8.3,     5.3,    26.6,    43.4,    60.8,    94.9,   16.7,  0.01060,      0,      0,       0,       0,       0,       0
total,        168491,    9464,     255,     578,     8.3,     5.9,    23.8,    37.9,    59.4,    62.6,   17.7,  0.01088,      0,      0,       0,       0,       0,       0
total,        179590,    9655,     290,     625,     8.2,     5.2,    26.5,    40.9,    76.9,   131.3,   18.9,  0.01028,      0,      0,       0,       0,       0,       0
total,        189465,    9613,     282,     674,     8.2,     5.1,    26.4,    41.8,    56.6,    78.1,   19.9,  0.01060,      0,      0,       0,       0,       0,       0
total,        200138,    9508,     316,     714,     8.3,     5.2,    26.7,    51.3,    92.3,   112.1,   21.0,  0.01217,      0,      0,       0,       0,       0,       0
total,        210287,    9610,     293,     649,     8.2,     5.1,    26.6,    48.7,    70.8,    79.4,   22.1,  0.01167,      0,      0,       0,       0,       0,       0
total,        219994,    9384,     276,     582,     8.4,     5.2,    28.0,    47.5,   122.7,   129.0,   23.1,  0.01167,      0,      0,       0,       0,       0,       0
total,        230201,    9808,     266,     598,     8.0,     4.7,    26.0,    54.2,    84.6,    96.4,   24.2,  0.01137,      0,      0,       0,       0,       0,       0
total,        240379,    9591,     278,     621,     8.2,     5.3,    26.6,    44.4,    61.7,    71.1,   25.2,  0.01090,      0,      0,       0,       0,       0,       0
total,        250348,    9381,     292,     667,     8.5,     5.9,    24.5,    42.4,    76.0,    83.4,   26.3,  0.01075,      0,      0,       0,       0,       0,       0
total,        260638,    9760,     263,     590,     8.1,     4.6,    26.4,    39.7,    49.5,    60.2,   27.3,  0.01061,      0,      0,       0,       0,       0,       0
total,        270438,    9515,     266,     551,     8.3,     5.1,    27.4,    46.2,    80.4,    98.1,   28.4,  0.01117,      0,      0,       0,       0,       0,       0
total,        280346,    9585,     271,     654,     8.2,     5.7,    25.3,    42.5,    64.3,    71.1,   29.4,  0.01088,      0,      0,       0,       0,       0,       0
total,        290432,    9719,     284,     613,     8.1,     5.3,    25.7,    45.2,    77.8,    86.8,   30.4,  0.01053,      0,      0,       0,       0,       0,       0
total,        300320,    9444,     258,     573,     8.4,     6.3,    23.3,    35.4,    47.9,    73.8,   31.5,  0.01056,      0,      0,       0,       0,       0,       0
total,        300607,    8950,     187,     405,    10.5,     9.2,    26.5,    34.1,    41.1,    41.1,   31.5,  0.01523,      0,      0,       0,       0,       0,       0


Results:
op rate                   : 9538 [timeline:9538]
partition rate            : 280 [timeline:280]
row rate                  : 622 [timeline:622]
latency mean              : 8.3 [timeline:8.3]
latency median            : 5.4 [timeline:5.4]
latency 95th percentile   : 23.8 [timeline:23.8]
latency 99th percentile   : 39.2 [timeline:39.2]
latency 99.9th percentile : 77.1 [timeline:77.1]
latency max               : 197.8 [timeline:197.8]
Total partitions          : 8810 [timeline:8810]
Total errors              : 0 [timeline:0]
total gc count            : 0
total gc mb               : 0
total gc time (s)         : 0
avg gc time(ms)           : NaN
stdev gc time(ms)         : 0
Total operation time      : 00:00:31
Improvement over 54 threadCount: 8%
Sleeping for 15s
Running with 121 threadCount
Running [timeline] with 121 threads until stderr of mean < 0.02
type,      total ops,    op/s,    pk/s,   row/s,    mean,     med,     .95,     .99,    .999,     max,   time,   stderr, errors,  gc: #,  max ms,  sum ms,  sdv ms,      mb
total,          8106,    8106,     265,     639,    14.9,     7.4,    42.8,   211.9,   260.7,   284.8,    1.0,  0.00000,      0,      0,       0,       0,       0,       0
total,         18239,    9574,     279,     616,    12.4,     8.9,    35.0,    57.6,   102.2,   128.9,    2.1,  0.01293,      0,      0,       0,       0,       0,       0
total,         28036,    9465,     257,     545,    12.5,     8.2,    41.2,    60.2,    71.7,   111.7,    3.1,  0.03855,      0,      0,       0,       0,       0,       0
total,         38083,    9507,     269,     564,    12.5,     7.6,    39.5,    58.9,    84.3,   122.3,    4.2,  0.03218,      0,      0,       0,       0,       0,       0
total,         48116,    9361,     277,     613,    12.6,     8.3,    39.9,    55.0,    85.0,   107.2,    5.2,  0.02640,      0,      0,       0,       0,       0,       0
total,         58189,    9435,     299,     644,    12.7,     9.8,    34.6,    51.3,    69.0,    88.8,    6.3,  0.02487,      0,      0,       0,       0,       0,       0
total,         68074,    9034,     259,     602,    13.1,     8.9,    41.5,    63.7,    95.8,   133.1,    7.4,  0.02133,      0,      0,       0,       0,       0,       0
total,         78336,    9516,     296,     664,    12.5,     8.8,    37.2,    52.2,    76.2,   112.7,    8.5,  0.02179,      0,      0,       0,       0,       0,       0
total,         88361,    9158,     257,     595,    12.9,     9.6,    34.8,    53.0,    65.2,    77.9,    9.6,  0.01962,      0,      0,       0,       0,       0,       0
total,         98610,    9551,     288,     640,    12.5,     8.1,    36.8,    59.2,    73.6,    85.8,   10.6,  0.01822,      0,      0,       0,       0,       0,       0
total,        109084,    9435,     298,     685,    12.5,     6.6,    41.7,    70.3,   106.8,   144.8,   11.7,  0.01928,      0,      0,       0,       0,       0,       0
total,        119239,    9614,     295,     682,    12.4,     8.4,    38.3,    61.2,    80.3,    96.4,   12.8,  0.01929,      0,      0,       0,       0,       0,       0
total,        129490,    9460,     262,     589,    12.5,     7.3,    40.9,    80.3,   125.8,   138.2,   13.9,  0.01836,      0,      0,       0,       0,       0,       0
total,        139615,    9563,     281,     677,    12.4,     8.6,    36.4,    49.7,    80.8,    93.6,   14.9,  0.01803,      0,      0,       0,       0,       0,       0
total,        149427,    9189,     276,     577,    12.9,    10.0,    35.5,    52.3,    68.4,   106.4,   16.0,  0.01764,      0,      0,       0,       0,       0,       0
total,        159659,    9490,     279,     610,    12.5,     7.9,    37.7,    58.3,    87.5,    97.0,   17.1,  0.01660,      0,      0,       0,       0,       0,       0
total,        169477,    9494,     274,     585,    12.5,     8.4,    37.7,    53.9,    81.8,    99.9,   18.1,  0.01603,      0,      0,       0,       0,       0,       0
total,        179570,    9399,     281,     628,    12.6,     8.8,    35.9,    60.9,   149.5,   164.5,   19.2,  0.01514,      0,      0,       0,       0,       0,       0
total,        189463,    9563,     296,     665,    12.4,     7.3,    39.9,    59.3,    76.2,    93.5,   20.2,  0.01477,      0,      0,       0,       0,       0,       0
total,        199685,    9397,     271,     587,    12.7,     8.9,    35.8,    53.2,    68.2,   117.7,   21.3,  0.01435,      0,      0,       0,       0,       0,       0
total,        210312,    9777,     269,     565,    12.1,     7.4,    41.3,    73.0,    96.3,   124.5,   22.4,  0.01434,      0,      0,       0,       0,       0,       0
total,        219843,    9138,     270,     541,    13.0,     9.8,    37.3,    55.0,    68.2,    83.1,   23.4,  0.01485,      0,      0,       0,       0,       0,       0
total,        230309,    9375,     263,     567,    12.6,     7.7,    40.0,    64.3,    97.4,   111.6,   24.6,  0.01462,      0,      0,       0,       0,       0,       0
total,        240217,    9223,     253,     559,    12.9,    10.0,    34.4,    48.1,    72.1,    91.8,   25.6,  0.01450,      0,      0,       0,       0,       0,       0
total,        249882,    9214,     269,     577,    12.9,     8.8,    38.4,    60.2,    80.7,    96.6,   26.7,  0.01411,      0,      0,       0,       0,       0,       0
total,        259771,    9505,     304,     657,    12.4,     8.3,    35.9,    65.0,   148.6,   155.4,   27.7,  0.01386,      0,      0,       0,       0,       0,       0
total,        269938,    9623,     309,     702,    12.1,     7.2,    39.3,    54.3,    72.6,    89.1,   28.8,  0.01434,      0,      0,       0,       0,       0,       0
total,        279615,    9271,     294,     701,    13.0,     8.8,    40.9,    59.2,    93.7,   109.2,   29.8,  0.01463,      0,      0,       0,       0,       0,       0
total,        289448,    9281,     267,     570,    12.6,     9.4,    34.5,    56.2,    73.2,    79.8,   30.9,  0.01439,      0,      0,       0,       0,       0,       0
total,        299445,    9554,     272,     578,    12.6,     7.7,    38.0,    60.3,   133.7,   137.3,   31.9,  0.01408,      0,      0,       0,       0,       0,       0
total,        300259,    8112,     239,     399,    15.7,    11.6,    38.5,    48.4,    76.6,    76.6,   32.0,  0.01780,      0,      0,       0,       0,       0,       0


Results:
op rate                   : 9374 [timeline:9374]
partition rate            : 277 [timeline:277]
row rate                  : 613 [timeline:613]
latency mean              : 12.7 [timeline:12.7]
latency median            : 8.4 [timeline:8.4]
latency 95th percentile   : 36.2 [timeline:36.2]
latency 99th percentile   : 55.7 [timeline:55.7]
latency 99.9th percentile : 94.3 [timeline:94.3]
latency max               : 284.8 [timeline:284.8]
Total partitions          : 8888 [timeline:8888]
Total errors              : 0 [timeline:0]
total gc count            : 0
total gc mb               : 0
total gc time (s)         : 0
avg gc time(ms)           : NaN
stdev gc time(ms)         : 0
Total operation time      : 00:00:32
Improvement over 81 threadCount: -2%
Sleeping for 15s
             id, type,      total ops,    op/s,    pk/s,   row/s,    mean,     med,     .95,     .99,    .999,     max,   time,   stderr, errors,  gc: #,  max ms,  sum ms,  sdv ms,      mb
  4 threadCount, timeline,     266572,    3778,     109,     241,     0.9,     0.8,     1.2,     1.9,    11.7,   177.7,   70.6,  0.02000,      0,      0,       0,       0,       0,       0
  4 threadCount, total,        266572,    3778,     109,     241,     0.9,     0.8,     1.2,     1.9,    11.7,   177.7,   70.6,  0.02000,      0,      0,       0,       0,       0,       0
  8 threadCount, timeline,     194046,    6429,     185,     401,     1.1,     0.9,     1.7,     2.3,    11.0,    41.2,   30.2,  0.03685,      0,      0,       0,       0,       0,       0
  8 threadCount, total,        194046,    6429,     185,     401,     1.1,     0.9,     1.7,     2.3,    11.0,    41.2,   30.2,  0.03685,      0,      0,       0,       0,       0,       0
 16 threadCount, timeline,     262139,    8655,     256,     574,     1.7,     1.5,     3.0,     4.4,    12.0,    40.5,   30.3,  0.01970,      0,      0,       0,       0,       0,       0
 16 threadCount, total,        262139,    8655,     256,     574,     1.7,     1.5,     3.0,     4.4,    12.0,    40.5,   30.3,  0.01970,      0,      0,       0,       0,       0,       0
 24 threadCount, timeline,     287667,    9450,     272,     601,     2.4,     2.0,     4.4,     7.2,    15.9,   156.6,   30.4,  0.01738,      0,      0,       0,       0,       0,       0
 24 threadCount, total,        287667,    9450,     272,     601,     2.4,     2.0,     4.4,     7.2,    15.9,   156.6,   30.4,  0.01738,      0,      0,       0,       0,       0,       0
 36 threadCount, timeline,     295109,    9626,     282,     626,     3.5,     2.9,     7.3,    12.8,    25.8,   181.8,   30.7,  0.02495,      0,      0,       0,       0,       0,       0
 36 threadCount, total,        295109,    9626,     282,     626,     3.5,     2.9,     7.3,    12.8,    25.8,   181.8,   30.7,  0.02495,      0,      0,       0,       0,       0,       0
 54 threadCount, timeline,     584189,    8832,     260,     572,     5.9,     4.0,    15.5,    26.2,    47.3,   166.2,   66.1,  0.01988,      0,      0,       0,       0,       0,       0
 54 threadCount, total,        584189,    8832,     260,     572,     5.9,     4.0,    15.5,    26.2,    47.3,   166.2,   66.1,  0.01988,      0,      0,       0,       0,       0,       0
 81 threadCount, timeline,     300607,    9538,     280,     622,     8.3,     5.4,    23.8,    39.2,    77.1,   197.8,   31.5,  0.01523,      0,      0,       0,       0,       0,       0
 81 threadCount, total,        300607,    9538,     280,     622,     8.3,     5.4,    23.8,    39.2,    77.1,   197.8,   31.5,  0.01523,      0,      0,       0,       0,       0,       0
121 threadCount, timeline,     300259,    9374,     277,     613,    12.7,     8.4,    36.2,    55.7,    94.3,   284.8,   32.0,  0.01780,      0,      0,       0,       0,       0,       0
121 threadCount, total,        300259,    9374,     277,     613,    12.7,     8.4,    36.2,    55.7,    94.3,   284.8,   32.0,  0.01780,      0,      0,       0,       0,       0,       0
END
